Time (ms)	Ch1 V	Ch2 V	Ch1 A	Ch2 A	RPM	Torque
0.000	-0.463	17.723	4.562	2.056	794.846	-0.623
0.002	-0.475	17.711	4.537	2.047	802.157	-0.620
0.003	-0.457	17.693	4.529	2.039	802.157	-0.621
0.005	-0.457	17.686	4.505	2.056	802.157	-0.622
0.006	-0.457	17.656	4.472	2.072	802.157	-0.621
0.008	-0.457	17.638	4.456	2.047	799.720	-0.621
0.009	-0.463	17.613	4.439	2.047	797.283	-0.621
0.011	-0.463	17.607	4.423	2.056	796.065	-0.622
0.012	-0.457	17.577	4.406	2.056	792.409	-0.626
0.014	-0.463	17.553	4.365	2.056	793.628	-0.623
0.015	-0.463	17.534	4.365	2.056	792.409	-0.622
0.017	-0.457	17.516	4.349	2.056	789.973	-0.623
0.019	-0.451	17.498	4.316	2.047	788.754	-0.623
0.020	-0.457	17.559	4.308	2.056	786.317	-0.623
0.022	-0.444	17.553	4.300	2.047	786.317	-0.623
0.023	-0.451	17.553	4.275	2.064	785.099	-0.621
0.025	-0.438	17.540	4.251	2.047	783.880	-0.622
0.026	-0.451	17.553	4.243	2.056	782.662	-0.622
0.028	-0.444	17.528	4.234	2.056	781.443	-0.625
0.029	-0.438	17.534	4.210	2.064	782.662	-0.622
0.031	-0.444	17.510	4.193	2.056	783.880	-0.619
0.033	-0.438	17.504	4.177	2.056	785.099	-0.621
0.034	-0.444	17.492	4.152	2.047	791.191	-0.620
0.036	-0.432	17.486	4.136	2.064	797.283	-0.619
0.037	-0.438	17.467	4.136	2.056	803.376	-0.619
0.039	-0.438	17.455	4.120	2.047	803.376	-0.619
0.040	-0.432	17.437	4.103	2.056	803.376	-0.617
0.042	-0.432	17.425	4.087	2.056	800.939	-0.619
0.043	-0.420	17.419	4.071	2.056	800.939	-0.619
0.045	-0.426	17.400	4.046	2.064	797.283	-0.619
0.046	-0.426	17.382	4.021	2.064	798.502	-0.620
0.048	-0.426	17.370	4.013	2.056	796.065	-0.620
0.050	-0.414	17.370	3.997	2.047	794.846	-0.616
0.051	-0.414	17.333	3.980	2.056	791.191	-0.617
0.053	-0.420	17.333	3.980	2.064	791.191	-0.616
0.054	-0.426	17.309	3.964	2.064	789.973	-0.617
0.056	-0.414	17.309	3.948	2.064	788.754	-0.617
0.057	-0.408	17.285	3.931	2.056	788.754	-0.616
0.059	-0.420	17.291	3.931	2.056	788.754	-0.616
0.060	-0.408	17.260	3.907	2.056	785.099	-0.620
0.062	-0.402	17.266	3.890	2.047	785.099	-0.619
0.064	-0.408	17.236	3.874	2.047	782.662	-0.621
0.065	-0.402	17.236	3.866	2.056	782.662	-0.619
0.067	-0.414	17.224	3.841	2.056	779.006	-0.623
0.068	-0.402	17.212	3.833	2.072	781.443	-0.625
0.070	-0.402	17.206	3.808	2.064	787.536	-0.625
0.071	-0.408	17.206	3.792	2.064	793.628	-0.622
0.073	-0.402	17.199	3.784	2.056	799.720	-0.626
0.074	-0.396	17.193	3.776	2.064	802.157	-0.625
0.076	-0.396	17.181	3.768	2.064	803.376	-0.623
0.077	-0.402	17.187	3.735	2.047	802.157	-0.627
0.079	-0.396	17.169	3.743	2.064	798.502	-0.626
0.081	-0.396	17.175	3.718	2.072	798.502	-0.625
0.082	-0.390	17.157	3.702	2.064	797.283	-0.626
0.084	-0.396	17.169	3.686	2.056	796.065	-0.628
0.085	-0.384	17.151	3.686	2.072	794.846	-0.628
0.087	-0.384	17.169	3.653	2.056	792.409	-0.630
0.088	-0.384	17.157	3.653	2.056	792.409	-0.627
0.090	-0.384	17.163	3.628	2.072	791.191	-0.626
0.091	-0.377	17.151	3.612	2.064	787.536	-0.627
0.093	-0.377	17.157	3.595	2.072	786.317	-0.623
0.095	-0.377	17.163	3.595	2.072	787.536	-0.626
0.096	-0.377	17.163	3.571	2.064	783.880	-0.625
0.098	-0.377	17.151	3.555	2.056	785.099	-0.626
0.099	-0.377	17.163	3.555	2.072	781.443	-0.627
0.101	-0.377	17.151	3.546	2.064	781.443	-0.627
0.102	-0.371	17.163	3.530	2.064	780.225	-0.627
0.104	-0.371	17.157	3.514	2.072	781.443	-0.623
0.105	-0.371	17.169	3.505	2.072	786.317	-0.623
0.107	-0.365	17.169	3.489	2.072	793.628	-0.621
0.108	-0.353	17.169	3.489	2.064	797.283	-0.622
0.110	-0.365	17.163	3.456	2.072	804.594	-0.622
0.112	-0.365	17.181	3.456	2.072	803.376	-0.622
0.113	-0.359	17.181	3.423	2.056	802.157	-0.622
0.115	-0.365	17.181	3.423	2.056	799.720	-0.622
0.116	-0.359	17.181	3.407	2.064	799.720	-0.622
0.118	-0.353	17.187	3.391	2.080	799.720	-0.622
0.119	-0.347	17.187	3.374	2.072	797.283	-0.622
0.121	-0.353	17.199	3.358	2.072	796.065	-0.621
0.122	-0.359	17.187	3.358	2.064	796.065	-0.619
0.124	-0.353	17.199	3.342	2.080	794.846	-0.617
0.126	-0.353	17.187	3.342	2.064	791.191	-0.620
0.127	-0.347	17.199	3.325	2.080	792.409	-0.619
0.129	-0.341	17.199	3.292	2.064	787.536	-0.620
0.130	-0.341	17.206	3.284	2.072	787.536	-0.620
0.132	-0.341	17.206	3.284	2.072	787.536	-0.620
0.133	-0.335	17.218	3.276	2.080	786.317	-0.622
0.135	-0.341	17.206	3.260	2.072	783.880	-0.622
0.136	-0.341	17.224	3.243	2.064	783.880	-0.621
0.138	-0.341	17.206	3.227	2.072	780.225	-0.621
0.139	-0.341	17.224	3.219	2.064	780.225	-0.627
0.141	-0.323	17.218	3.211	2.072	782.662	-0.627
0.143	-0.335	17.224	3.186	2.072	789.973	-0.626
0.144	-0.335	17.224	3.186	2.064	796.065	-0.626
0.146	-0.335	17.236	3.170	2.072	799.720	-0.627
0.147	-0.329	17.224	3.145	2.072	802.157	-0.628
0.149	-0.329	17.236	3.129	2.080	800.939	-0.627
0.150	-0.317	17.230	3.137	2.072	800.939	-0.628
0.152	-0.317	17.236	3.120	2.080	799.720	-0.627
0.153	-0.323	17.236	3.096	2.056	798.502	-0.627
0.155	-0.335	17.242	3.096	2.072	797.283	-0.628
0.157	-0.323	17.230	3.079	2.064	794.846	-0.628
0.158	-0.329	17.242	3.055	2.064	794.846	-0.630
0.160	-0.311	17.230	3.063	2.072	792.409	-0.628
0.161	-0.317	17.242	3.047	2.080	791.191	-0.627
0.163	-0.323	17.230	3.039	2.088	789.973	-0.628
0.164	-0.317	17.248	3.014	2.072	789.973	-0.627
0.166	-0.317	17.236	2.998	2.080	787.536	-0.627
0.167	-0.311	17.242	2.989	2.088	787.536	-0.628
0.169	-0.304	17.242	2.981	2.064	783.880	-0.626
0.170	-0.304	17.260	2.973	2.072	785.099	-0.627
0.172	-0.311	17.236	2.957	2.072	783.880	-0.625
0.174	-0.298	17.254	2.932	2.080	780.225	-0.627
0.175	-0.304	17.236	2.932	2.080	782.662	-0.626
0.177	-0.304	17.248	2.916	2.080	780.225	-0.622
0.178	-0.304	17.248	2.907	2.072	787.536	-0.625
0.180	-0.298	17.248	2.891	2.080	792.409	-0.622
0.181	-0.298	17.236	2.883	2.072	798.502	-0.623
0.183	-0.286	17.254	2.875	2.080	804.594	-0.625
0.184	-0.292	17.248	2.842	2.072	803.376	-0.623
0.186	-0.292	17.254	2.850	2.080	802.157	-0.623
0.188	-0.298	17.242	2.834	2.080	800.939	-0.625
0.189	-0.292	17.254	2.826	2.080	799.720	-0.625
0.191	-0.286	17.242	2.809	2.072	798.502	-0.622
0.192	-0.292	17.260	2.801	2.072	797.283	-0.622
0.194	-0.286	17.236	2.785	2.080	794.846	-0.621
0.195	33.887	17.254	2.826	2.080	977.619	-0.647
0.197	43.872	17.248	2.817	2.080	738.796	-0.620
0.198	44.353	17.254	2.834	2.072	774.132	-0.623
0.200	44.402	17.236	2.875	2.088	792.409	-0.615
0.201	44.414	17.260	2.899	2.064	793.628	-0.620
0.203	44.426	17.242	2.924	2.080	786.317	-0.621
0.205	44.432	17.242	2.948	2.080	787.536	-0.620
0.206	44.432	17.236	2.965	2.088	787.536	-0.621
0.208	44.432	17.254	2.998	2.072	785.099	-0.622
0.209	44.445	17.248	3.006	2.080	781.443	-0.622
0.211	44.426	17.254	3.030	2.072	782.662	-0.622
0.212	44.432	17.236	3.055	2.072	781.443	-0.625
0.214	44.438	17.248	3.079	2.097	785.099	-0.626
0.215	44.438	17.242	3.096	2.088	788.754	-0.626
0.217	44.432	17.254	3.112	2.072	794.846	-0.627
0.219	44.432	17.242	3.137	2.080	802.157	-0.627
0.220	44.432	17.248	3.153	2.072	803.376	-0.627
0.222	44.426	17.248	3.170	2.097	802.157	-0.628
0.223	44.420	17.248	3.178	2.072	802.157	-0.628
0.225	44.420	17.242	3.202	2.080	798.502	-0.628
0.226	44.414	17.254	3.219	2.088	799.720	-0.630
0.228	44.408	17.236	3.243	2.088	797.283	-0.630
0.229	44.420	17.260	3.243	2.080	787.536	-0.633
0.231	44.408	17.242	3.276	2.097	793.628	-0.631
0.232	44.414	17.248	3.284	2.088	792.409	-0.630
0.234	44.414	17.254	3.292	2.080	789.973	-0.628
0.236	44.408	17.260	3.317	2.080	791.191	-0.628
0.237	44.402	17.248	3.350	2.080	787.536	-0.628
0.239	44.396	17.254	3.358	2.097	788.754	-0.628
0.240	44.402	17.248	3.366	2.080	786.317	-0.628
0.242	44.384	17.260	3.383	2.097	782.662	-0.630
0.243	44.390	17.248	3.407	2.088	783.880	-0.627
0.245	44.384	17.266	3.423	2.088	781.443	-0.630
0.246	44.371	17.248	3.423	2.080	782.662	-0.628
0.248	44.378	17.266	3.440	2.072	787.536	-0.627
0.250	44.371	17.254	3.464	2.088	780.225	-0.626
0.251	44.365	17.266	3.497	2.080	788.754	-0.626
0.253	44.371	17.260	3.497	2.072	796.065	-0.625
0.254	44.359	17.260	3.514	2.080	799.720	-0.625
0.256	44.353	17.260	3.522	2.088	803.376	-0.626
0.257	44.359	17.266	3.546	2.088	803.376	-0.623
0.259	44.365	17.248	3.546	2.080	802.157	-0.623
0.260	44.353	17.260	3.555	2.080	800.939	-0.625
0.262	44.347	17.254	3.587	2.088	800.939	-0.625
0.263	44.347	17.266	3.587	2.080	799.720	-0.625
0.265	44.341	17.254	3.620	2.097	796.065	-0.625
0.267	44.335	17.272	3.620	2.088	796.065	-0.623
0.268	44.329	17.254	3.645	2.088	794.846	-0.621
0.270	44.323	17.272	3.653	2.097	791.191	-0.622
0.271	44.292	17.260	3.661	2.080	791.191	-0.621
0.273	44.280	17.272	3.686	2.080	788.754	-0.623
0.274	44.305	17.266	3.702	2.088	789.973	-0.625
0.276	44.305	17.272	3.727	2.088	788.754	-0.623
0.277	44.305	17.266	3.718	2.088	787.536	-0.623
0.279	44.311	17.272	3.743	2.080	785.099	-0.623
0.281	44.298	17.266	3.751	2.072	783.880	-0.625
0.282	44.298	17.279	3.776	2.088	782.662	-0.625
0.284	44.286	17.272	3.776	2.088	780.225	-0.626
0.285	44.286	17.279	3.800	2.088	779.006	-0.627
0.287	44.280	17.260	3.817	2.088	782.662	-0.630
0.288	44.280	17.272	3.817	2.088	791.191	-0.627
0.290	44.274	17.260	3.841	2.088	796.065	-0.628
0.291	44.268	17.279	3.841	2.080	804.594	-0.627
0.293	44.274	17.272	3.866	2.088	803.376	-0.628
0.294	44.262	17.272	3.882	2.080	800.939	-0.631
0.296	44.262	17.272	3.890	2.088	800.939	-0.630
0.298	44.262	17.279	3.907	2.088	800.939	-0.631
0.299	44.262	17.279	3.923	2.088	798.502	-0.630
0.301	44.250	17.285	3.931	2.088	796.065	-0.630
0.302	44.250	17.266	3.948	2.097	800.939	-0.628
0.304	44.231	17.279	3.956	2.097	793.628	-0.634
0.305	44.238	17.279	3.964	2.097	792.409	-0.634
0.307	44.231	17.285	3.989	2.088	789.973	-0.631
0.308	44.238	17.272	3.997	2.088	789.973	-0.632
0.310	44.231	17.285	4.013	2.088	788.754	-0.631
0.312	44.225	17.272	4.021	2.088	787.536	-0.632
0.313	44.219	17.285	4.038	2.088	786.317	-0.632
0.315	44.219	17.279	4.046	2.088	783.880	-0.631
0.316	44.213	17.297	4.062	2.105	785.099	-0.631
0.318	44.207	17.279	4.079	2.097	781.443	-0.632
0.319	44.207	17.291	4.079	2.088	782.662	-0.631
0.321	44.201	17.285	4.095	2.097	786.317	-0.628
0.322	44.195	17.291	4.103	2.097	783.880	-0.628
0.324	44.195	17.285	4.120	2.080	789.973	-0.627
0.325	44.195	17.297	4.136	2.088	796.065	-0.628
0.327	44.183	17.285	4.161	2.097	802.157	-0.627
0.329	44.189	17.291	4.169	2.088	804.594	-0.627
0.330	44.183	17.291	4.185	2.088	804.594	-0.627
0.332	44.183	17.303	4.177	2.080	800.939	-0.630
0.333	44.177	17.291	4.202	2.097	799.720	-0.626
0.335	44.164	17.297	4.210	2.097	798.502	-0.628
0.336	44.164	17.291	4.234	2.097	798.502	-0.628
0.338	44.164	17.303	4.243	2.105	798.502	-0.628
0.339	44.152	17.291	4.259	2.080	796.065	-0.625
0.341	44.158	17.303	4.251	2.088	794.846	-0.625
0.343	44.152	17.285	4.275	2.088	792.409	-0.626
0.344	44.146	17.303	4.284	2.080	791.191	-0.626
0.346	44.140	17.291	4.292	2.088	791.191	-0.626
0.347	44.146	17.297	4.316	2.088	788.754	-0.627
0.349	44.140	17.291	4.324	2.088	788.754	-0.625
0.350	44.128	17.309	4.349	2.088	785.099	-0.627
0.352	44.128	17.297	4.341	2.088	785.099	-0.626
0.353	44.122	17.297	4.365	2.088	783.880	-0.626
0.355	44.116	17.297	4.382	2.097	782.662	-0.627
0.356	44.116	17.315	4.390	2.088	775.351	-0.628
0.358	44.110	17.291	4.406	2.105	781.443	-0.632
0.360	44.110	17.309	4.423	2.097	785.099	-0.632
0.361	44.116	17.303	4.431	2.097	789.973	-0.634
0.363	44.104	17.309	4.447	2.088	798.502	-0.633
0.364	44.098	17.297	4.447	2.097	802.157	-0.632
0.366	44.091	17.315	4.456	2.105	802.157	-0.634
0.367	44.098	17.297	4.464	2.097	800.939	-0.633
0.369	44.091	17.315	4.480	2.097	800.939	-0.636
0.370	44.079	17.309	4.505	2.088	799.720	-0.632
0.372	44.079	17.303	4.505	2.088	796.065	-0.634
0.374	44.079	17.309	4.529	2.088	796.065	-0.636
0.375	44.079	17.315	4.537	2.097	794.846	-0.639
0.377	44.061	17.309	4.546	2.097	793.628	-0.636
0.378	44.073	17.321	4.554	2.088	792.409	-0.634
0.380	44.061	17.309	4.570	2.097	791.191	-0.636
0.381	44.055	17.321	4.578	2.088	789.973	-0.634
0.383	44.061	17.315	4.603	2.097	787.536	-0.637
0.384	44.049	17.321	4.603	2.097	788.754	-0.636
0.386	44.055	17.315	4.619	2.088	785.099	-0.636
0.387	44.043	17.321	4.628	2.088	786.317	-0.636
0.389	44.043	17.315	4.644	2.097	782.662	-0.634
0.391	44.037	17.333	4.652	2.088	782.662	-0.637
0.392	44.037	17.315	4.669	2.097	779.006	-0.634
0.394	44.024	17.321	4.685	2.097	783.880	-0.632
0.395	44.031	17.321	4.693	2.097	786.317	-0.632
0.397	44.024	17.327	4.693	2.105	792.409	-0.632
0.398	44.024	17.333	4.709	2.080	796.065	-0.632
0.400	44.018	17.327	4.718	2.105	803.376	-0.631
0.401	5.668	17.309	4.726	2.105	973.964	-0.609
0.403	-0.183	17.327	4.685	2.105	730.267	-0.614
0.405	-0.426	17.327	4.652	2.097	794.846	-0.634
0.406	-0.444	17.333	4.628	2.097	792.409	-0.627
0.408	-0.457	17.321	4.603	2.088	802.157	-0.622
0.409	-0.463	17.333	4.587	2.097	802.157	-0.627
0.411	-0.475	17.327	4.578	2.105	794.846	-0.628
0.412	-0.463	17.327	4.546	2.097	794.846	-0.623
0.414	-0.463	17.327	4.513	2.097	796.065	-0.621
0.415	-0.457	17.333	4.496	2.097	792.409	-0.625
0.417	-0.463	17.327	4.480	2.097	789.973	-0.626
0.418	-0.463	17.333	4.464	2.080	789.973	-0.623
0.420	-0.457	17.333	4.439	2.097	788.754	-0.626
0.422	-0.457	17.333	4.423	2.105	787.536	-0.625
0.423	-0.463	17.327	4.398	2.088	788.754	-0.625
0.425	-0.463	17.333	4.390	2.105	786.317	-0.626
0.426	-0.457	17.333	4.382	2.097	785.099	-0.626
0.428	-0.451	17.346	4.357	2.097	785.099	-0.626
0.429	-0.457	17.333	4.341	2.080	775.351	-0.631
0.431	-0.457	17.327	4.316	2.105	780.225	-0.633
0.432	-0.451	17.339	4.292	2.088	787.536	-0.631
0.434	-0.457	17.346	4.284	2.097	793.628	-0.633
0.436	-0.457	17.339	4.267	2.097	799.720	-0.633
0.437	-0.451	17.346	4.251	2.097	804.594	-0.633
0.439	-0.451	17.339	4.234	2.097	802.157	-0.632
0.440	-0.444	17.339	4.210	2.088	802.157	-0.632
0.442	-0.444	17.339	4.193	2.097	799.720	-0.632
0.443	-0.451	17.352	4.185	2.097	798.502	-0.634
0.445	-0.432	17.346	4.169	2.097	798.502	-0.633
0.446	-0.438	17.346	4.144	2.105	796.065	-0.633
0.448	-0.432	17.346	4.128	2.088	794.846	-0.638
0.449	-0.432	17.352	4.112	2.097	792.409	-0.636
0.451	-0.432	17.346	4.103	2.097	792.409	-0.634
0.453	-0.426	17.352	4.079	2.097	789.973	-0.634
0.454	-0.426	17.352	4.062	2.088	789.973	-0.634
0.456	-0.426	17.346	4.062	2.105	788.754	-0.634
0.457	-0.426	17.352	4.046	2.105	787.536	-0.633
0.459	-0.426	17.358	4.030	2.088	785.099	-0.634
0.460	-0.426	17.346	3.997	2.097	787.536	-0.631
0.462	-0.426	17.352	3.997	2.113	782.662	-0.636
0.463	-0.420	17.358	3.980	2.105	781.443	-0.633
0.465	-0.414	17.352	3.964	2.097	780.225	-0.634
0.467	-0.414	17.352	3.948	2.097	782.662	-0.631
0.468	-0.426	17.352	3.931	2.105	785.099	-0.630
0.470	-0.414	17.352	3.923	2.097	792.409	-0.631
0.471	-0.408	17.358	3.907	2.097	799.720	-0.631
0.473	-0.414	17.352	3.899	2.097	804.594	-0.630
0.474	-0.402	17.364	3.874	2.097	804.594	-0.630
0.476	-0.414	17.352	3.866	2.097	803.376	-0.628
0.477	-0.402	17.364	3.849	2.097	800.939	-0.630
0.479	-0.408	17.352	3.833	2.097	799.720	-0.631
0.480	-0.402	17.364	3.817	2.105	798.502	-0.630
0.482	-0.396	17.358	3.800	2.097	797.283	-0.628
0.484	-0.396	17.370	3.784	2.113	796.065	-0.630
0.485	-0.390	17.358	3.784	2.097	794.846	-0.628
0.487	-0.396	17.370	3.776	2.105	794.846	-0.627
0.488	-0.396	17.370	3.743	2.105	791.191	-0.630
0.490	-0.390	17.370	3.735	2.097	791.191	-0.627
0.491	-0.390	17.370	3.718	2.097	789.973	-0.630
0.493	-0.396	17.370	3.702	2.097	787.536	-0.631
0.494	-0.396	17.370	3.694	2.105	787.536	-0.631
0.496	-0.390	17.376	3.686	2.113	785.099	-0.631
0.498	-0.390	17.370	3.669	2.097	786.317	-0.631
0.499	-0.384	17.364	3.653	2.097	783.880	-0.631
0.501	-0.384	17.370	3.645	2.097	781.443	-0.631
0.502	-0.377	17.382	3.620	2.097	779.006	-0.634
0.504	-0.377	17.370	3.612	2.105	781.443	-0.636
0.505	-0.377	17.376	3.604	2.105	788.754	-0.636
0.507	-0.377	17.376	3.587	2.113	793.628	-0.637
0.508	-0.371	17.370	3.579	2.088	800.939	-0.637
0.510	-0.377	17.382	3.555	2.105	804.594	-0.637
0.511	-0.371	17.382	3.546	2.105	804.594	-0.636
0.513	-0.371	17.388	3.530	2.105	799.720	-0.637
0.515	-0.371	17.382	3.514	2.105	800.939	-0.637
0.516	-0.365	17.376	3.505	2.105	797.283	-0.638
0.518	-0.365	17.388	3.489	2.105	797.283	-0.637
0.519	-0.377	17.382	3.481	2.105	794.846	-0.638
0.521	-0.365	17.388	3.456	2.097	793.628	-0.639
0.522	-0.359	17.382	3.456	2.105	792.409	-0.639
0.524	-0.359	17.388	3.448	2.105	791.191	-0.636
0.525	-0.359	17.388	3.423	2.105	789.973	-0.638
0.527	-0.353	17.394	3.415	2.105	789.973	-0.638
0.529	-0.365	17.394	3.399	2.097	786.317	-0.638
0.530	-0.353	17.388	3.399	2.105	787.536	-0.637
0.532	-0.353	17.388	3.366	2.105	786.317	-0.636
0.533	-0.353	17.394	3.358	2.097	783.880	-0.638
0.535	-0.353	17.388	3.350	2.105	782.662	-0.637
0.536	-0.353	17.394	3.333	2.113	781.443	-0.637
0.538	-0.347	17.400	3.317	2.113	780.225	-0.636
0.539	-0.347	17.400	3.309	2.105	782.662	-0.632
0.541	-0.347	17.467	3.292	2.105	788.754	-0.632
0.542	-0.335	17.467	3.276	2.097	793.628	-0.636
0.544	-0.347	17.498	3.276	2.097	799.720	-0.631
0.546	-0.335	17.498	3.260	2.097	803.376	-0.633
0.547	-0.341	17.522	3.251	2.097	804.594	-0.633
0.549	-0.341	17.522	3.243	2.105	800.939	-0.633
0.550	-0.335	17.528	3.235	2.097	800.939	-0.632
0.552	-0.329	17.528	3.211	2.105	799.720	-0.632
0.553	-0.335	17.540	3.194	2.097	799.720	-0.631
0.555	-0.335	17.540	3.186	2.097	796.065	-0.634
0.556	-0.335	17.553	3.178	2.105	796.065	-0.630
0.558	-0.323	17.540	3.153	2.097	794.846	-0.628
0.560	-0.335	17.601	3.145	2.105	794.846	-0.630
0.561	-0.329	17.638	3.145	2.097	791.191	-0.631
0.563	-0.323	17.662	3.120	2.097	791.191	-0.631
0.564	-0.329	17.680	3.104	2.105	791.191	-0.631
0.566	-0.323	17.693	3.096	2.088	788.754	-0.630
0.567	-0.317	17.705	3.088	2.105	786.317	-0.631
0.569	-0.317	17.723	3.079	2.097	786.317	-0.632
0.570	-0.317	17.711	3.063	2.105	785.099	-0.632
0.572	-0.323	17.723	3.063	2.105	783.880	-0.631
0.573	-0.323	17.723	3.030	2.097	783.880	-0.633
0.575	-0.317	17.717	3.030	2.088	781.443	-0.636
0.577	-0.317	17.717	3.014	2.105	782.662	-0.636
0.578	-0.317	17.711	2.989	2.105	788.754	-0.634
0.580	-0.304	17.705	2.989	2.097	796.065	-0.636
0.581	-0.311	17.711	2.981	2.088	803.376	-0.638
0.583	-0.311	17.680	2.973	2.097	802.157	-0.637
0.584	-0.311	17.680	2.948	2.088	802.157	-0.637
0.586	-0.311	17.656	2.932	2.097	802.157	-0.639
0.587	-0.304	17.723	2.924	2.105	800.939	-0.637
0.589	-0.298	17.766	2.924	2.088	797.283	-0.637
0.591	-0.298	17.772	2.916	2.088	797.283	-0.637
0.592	-0.304	17.778	2.891	2.105	789.973	-0.642
0.594	-0.298	17.796	2.883	2.088	793.628	-0.639
0.595	-0.298	17.796	2.858	2.105	793.628	-0.639
0.597	-0.292	17.796	2.858	2.097	792.409	-0.638
0.598	-0.292	17.790	2.842	2.088	792.409	-0.636
0.600	-0.286	17.790	2.842	2.097	788.754	-0.637
0.601	-0.298	17.790	2.809	2.097	788.754	-0.638
0.603	-0.280	17.778	2.801	2.097	786.317	-0.638
0.604	22.515	17.766	2.850	2.097	1037.325	-0.579
0.606	43.318	17.760	2.842	2.097	743.670	-0.636
0.608	44.323	17.741	2.850	2.088	764.384	-0.642
0.609	44.384	17.735	2.883	2.088	770.477	-0.638
0.611	44.414	17.705	2.924	2.088	786.317	-0.633
0.612	44.432	17.753	2.932	2.097	786.317	-0.631
0.614	44.426	17.808	2.957	2.097	785.099	-0.633
0.615	44.432	17.827	2.981	2.088	793.628	-0.632
0.617	44.432	17.827	3.006	2.088	800.939	-0.631
0.618	44.426	17.833	3.030	2.088	803.376	-0.632
0.620	44.432	17.845	3.055	2.097	802.157	-0.632
0.622	44.432	17.833	3.079	2.088	802.157	-0.632
0.623	44.438	17.839	3.096	2.097	799.720	-0.631
0.625	44.438	17.827	3.096	2.097	800.939	-0.631
0.626	44.426	17.827	3.129	2.088	798.502	-0.630
0.628	44.426	17.820	3.137	2.097	797.283	-0.631
0.629	44.414	17.796	3.153	2.088	796.065	-0.631
0.631	44.426	17.784	3.170	2.088	794.846	-0.630
0.632	44.414	17.760	3.186	2.097	794.846	-0.628
0.634	44.414	17.802	3.211	2.080	793.628	-0.631
0.635	44.414	17.839	3.227	2.080	789.973	-0.631
0.637	44.420	17.833	3.251	2.088	791.191	-0.631
0.639	44.420	17.845	3.251	2.080	788.754	-0.630
0.640	44.402	17.833	3.284	2.097	786.317	-0.631
0.642	44.408	17.845	3.301	2.088	785.099	-0.632
0.643	44.396	17.839	3.325	2.088	785.099	-0.632
0.645	44.402	17.833	3.325	2.097	782.662	-0.633
0.646	44.402	17.820	3.350	2.088	782.662	-0.633
0.648	44.396	17.814	3.358	2.088	779.006	-0.637
0.649	44.390	17.796	3.383	2.097	783.880	-0.637
0.651	44.390	17.784	3.399	2.080	791.191	-0.637
0.653	44.378	17.766	3.407	2.080	797.283	-0.637
0.654	44.378	17.747	3.448	2.088	803.376	-0.637
0.656	44.378	17.784	3.448	2.088	802.157	-0.637
0.657	44.378	17.827	3.456	2.088	803.376	-0.637
0.659	44.371	17.827	3.489	2.080	800.939	-0.637
0.660	44.365	17.839	3.497	2.080	799.720	-0.636
0.662	44.365	17.845	3.514	2.080	800.939	-0.637
0.663	44.365	17.839	3.522	2.080	797.283	-0.637
0.665	44.353	17.839	3.538	2.088	792.409	-0.638
0.666	44.359	17.839	3.555	2.080	794.846	-0.641
0.668	44.353	17.820	3.579	2.088	791.191	-0.641
0.670	44.341	17.814	3.587	2.080	792.409	-0.638
0.671	44.335	17.802	3.604	2.080	791.191	-0.637
0.673	44.335	17.772	3.620	2.097	788.754	-0.638
0.674	44.329	17.772	3.636	2.088	788.754	-0.638
0.676	44.335	17.741	3.636	2.080	785.099	-0.638
0.677	44.329	17.784	3.661	2.080	786.317	-0.637
0.679	44.317	17.820	3.677	2.072	783.880	-0.636
0.680	44.317	17.833	3.694	2.072	782.662	-0.638
0.682	44.311	17.845	3.694	2.088	782.662	-0.636
0.684	44.274	17.845	3.710	2.088	785.099	-0.637
0.685	44.280	17.851	3.735	2.072	783.880	-0.634
0.687	44.292	17.845	3.743	2.080	788.754	-0.633
0.688	44.298	17.833	3.759	2.080	794.846	-0.633
0.690	44.298	17.827	3.768	2.080	800.939	-0.633
0.691	44.305	17.814	3.784	2.080	805.813	-0.633
0.693	44.292	17.814	3.808	2.080	804.594	-0.634
0.694	44.280	17.778	3.808	2.072	803.376	-0.632
0.696	44.280	17.772	3.817	2.080	799.720	-0.634
0.697	44.280	17.753	3.841	2.064	799.720	-0.634
0.699	44.280	17.784	3.841	2.072	799.720	-0.633
0.701	44.262	17.820	3.866	2.080	797.283	-0.632
0.702	44.274	17.827	3.890	2.080	794.846	-0.631
0.704	44.262	17.833	3.882	2.080	796.065	-0.632
0.705	44.250	17.827	3.890	2.072	793.628	-0.631
0.707	44.256	17.820	3.923	2.080	792.409	-0.631
0.708	44.244	17.827	3.931	2.056	789.973	-0.632
0.710	44.250	17.814	3.948	2.080	789.973	-0.632
0.711	44.250	17.808	3.964	2.072	788.754	-0.632
0.713	44.238	17.790	3.964	2.080	787.536	-0.633
0.715	44.238	17.796	3.989	2.080	786.317	-0.633
0.716	44.225	17.820	3.997	2.088	785.099	-0.633
0.718	44.219	17.820	4.013	2.080	782.662	-0.634
0.719	44.219	17.820	4.013	2.072	781.443	-0.633
0.721	44.219	17.796	4.046	2.072	779.006	-0.638
0.722	44.213	17.802	4.054	2.072	781.443	-0.637
0.724	44.207	17.784	4.071	2.080	791.191	-0.637
0.725	44.213	17.760	4.079	2.072	794.846	-0.638
0.727	44.207	17.766	4.095	2.072	800.939	-0.638
0.728	44.207	17.735	4.095	2.080	802.157	-0.639
0.730	44.201	17.760	4.112	2.072	802.157	-0.639
0.732	44.195	17.808	4.128	2.072	798.502	-0.639
0.733	44.189	17.820	4.128	2.072	799.720	-0.639
0.735	44.189	17.833	4.161	2.072	797.283	-0.639
0.736	44.183	17.827	4.177	2.064	797.283	-0.638
0.738	44.177	17.845	4.177	2.072	797.283	-0.639
0.739	44.171	17.833	4.193	2.064	793.628	-0.643
0.741	44.177	17.827	4.202	2.072	792.409	-0.641
0.742	44.177	17.820	4.210	2.072	789.973	-0.639
0.744	44.171	17.808	4.226	2.072	791.191	-0.639
0.746	44.158	17.796	4.234	2.056	789.973	-0.639
0.747	44.158	17.772	4.259	2.072	786.317	-0.639
0.749	44.152	17.760	4.259	2.072	787.536	-0.639
0.750	44.146	17.741	4.284	2.072	785.099	-0.638
0.752	44.158	17.766	4.292	2.064	783.880	-0.639
0.753	44.140	17.802	4.308	2.064	779.006	-0.641
0.755	44.140	17.808	4.316	2.072	783.880	-0.637
0.756	44.140	17.814	4.316	2.072	779.006	-0.637
0.758	44.134	17.808	4.341	2.064	781.443	-0.634
0.759	44.128	17.808	4.341	2.064	785.099	-0.638
0.761	44.122	17.808	4.357	2.072	793.628	-0.636
0.763	44.122	17.796	4.382	2.064	798.502	-0.634
0.764	44.122	17.784	4.390	2.080	804.594	-0.634
0.766	44.110	17.766	4.406	2.072	804.594	-0.636
0.767	44.110	17.772	4.423	2.064	802.157	-0.634
0.769	44.104	17.814	4.431	2.056	802.157	-0.634
0.770	44.110	17.827	4.439	2.064	799.720	-0.633
0.772	44.104	17.827	4.447	2.072	797.283	-0.637
0.773	44.091	17.845	4.472	2.072	796.065	-0.634
0.775	44.091	17.833	4.472	2.064	794.846	-0.633
0.777	44.091	17.820	4.488	2.056	794.846	-0.633
0.778	44.085	17.827	4.496	2.056	793.628	-0.632
0.780	44.079	17.820	4.521	2.072	791.191	-0.634
0.781	44.079	17.796	4.521	2.064	791.191	-0.634
0.783	44.073	17.790	4.537	2.072	789.973	-0.636
0.784	44.067	17.760	4.554	2.064	788.754	-0.636
0.786	44.067	17.778	4.562	2.072	787.536	-0.636
0.787	44.067	17.796	4.570	2.064	786.317	-0.633
0.789	44.067	17.796	4.587	2.056	785.099	-0.634
0.790	44.061	17.796	4.587	2.064	783.880	-0.636
0.792	44.055	17.790	4.603	2.072	782.662	-0.634
0.794	44.049	17.778	4.619	2.064	777.788	-0.641
0.795	44.049	17.766	4.644	2.064	780.225	-0.642
0.797	44.043	17.753	4.644	2.072	787.536	-0.639
0.798	44.043	17.747	4.669	2.056	792.409	-0.641
0.800	44.043	17.717	4.669	2.064	800.939	-0.641
0.801	44.043	17.741	4.693	2.064	802.157	-0.641
0.803	44.037	17.784	4.693	2.064	803.376	-0.639
0.804	44.031	17.778	4.693	2.064	798.502	-0.642
0.806	44.024	17.796	4.726	2.072	798.502	-0.641
0.808	44.018	17.796	4.718	2.064	798.502	-0.642
0.809	44.012	17.790	4.742	2.056	796.065	-0.642
0.811	11.708	17.796	4.669	2.056	816.779	-0.621
0.812	0.097	17.772	4.701	2.056	727.830	-0.645
0.814	-0.408	17.766	4.685	2.056	807.031	-0.632
0.815	-0.438	17.747	4.660	2.064	789.973	-0.642
0.817	-0.451	17.760	4.636	2.056	782.662	-0.641
0.818	-0.463	17.796	4.603	2.072	791.191	-0.636
0.820	-0.469	17.796	4.578	2.056	788.754	-0.641
0.821	-0.469	17.802	4.570	2.064	782.662	-0.641
0.823	-0.475	17.790	4.537	2.056	783.880	-0.638
0.825	-0.469	17.808	4.513	2.064	783.880	-0.637
0.826	-0.463	17.802	4.496	2.056	782.662	-0.638
0.828	-0.469	17.784	4.472	2.064	780.225	-0.637
0.829	-0.457	17.772	4.456	2.072	781.443	-0.638
0.831	-0.463	17.760	4.447	2.072	781.443	-0.633
0.832	-0.457	17.747	4.439	2.064	785.099	-0.637
0.834	-0.463	17.717	4.406	2.072	793.628	-0.633
0.835	-0.469	17.747	4.382	2.056	796.065	-0.632
0.837	-0.463	17.790	4.365	2.064	804.594	-0.634
0.839	-0.451	17.796	4.357	2.064	800.939	-0.634
0.840	-0.451	17.808	4.333	2.064	803.376	-0.633
0.842	-0.451	17.796	4.308	2.056	799.720	-0.633
0.843	-0.444	17.802	4.292	2.056	799.720	-0.632
0.845	-0.451	17.790	4.275	2.064	798.502	-0.634
0.846	-0.451	17.784	4.259	2.072	797.283	-0.633
0.848	-0.444	17.784	4.251	2.064	797.283	-0.634
0.849	-0.438	17.766	4.234	2.064	794.846	-0.631
0.851	-0.451	17.753	4.218	2.056	792.409	-0.633
0.852	-0.432	17.735	4.202	2.064	791.191	-0.633
0.854	-0.432	17.753	4.177	2.064	791.191	-0.632
0.856	-0.444	17.778	4.169	2.056	789.973	-0.631
0.857	-0.432	17.760	4.152	2.047	788.754	-0.634
0.859	-0.432	17.766	4.136	2.064	787.536	-0.633
0.860	-0.432	17.760	4.128	2.056	785.099	-0.634
0.862	-0.444	17.741	4.103	2.056	785.099	-0.634
0.863	-0.432	17.723	4.079	2.047	782.662	-0.636
0.865	-0.432	17.723	4.079	2.047	780.225	-0.634
0.866	-0.432	17.735	4.062	2.047	776.569	-0.638
0.868	-0.426	17.772	4.046	2.064	781.443	-0.637
0.870	-0.432	17.790	4.038	2.056	786.317	-0.641
0.871	-0.426	17.796	4.013	2.047	793.628	-0.642
0.873	-0.426	17.790	3.989	2.056	798.502	-0.639
0.874	-0.426	17.796	3.980	2.047	802.157	-0.641
0.876	-0.414	17.796	3.972	2.064	802.157	-0.641
0.877	-0.414	17.790	3.956	2.056	799.720	-0.641
0.879	-0.408	17.784	3.948	2.056	799.720	-0.641
0.880	-0.420	17.772	3.923	2.056	796.065	-0.641
0.882	-0.420	17.760	3.907	2.064	797.283	-0.641
0.883	-0.414	17.729	3.899	2.047	794.846	-0.641
0.885	-0.414	17.741	3.890	2.056	792.409	-0.643
0.887	-0.414	17.790	3.849	2.047	792.409	-0.643
0.888	-0.408	17.802	3.858	2.064	789.973	-0.643
0.890	-0.402	17.814	3.833	2.056	791.191	-0.641
0.891	-0.402	17.808	3.833	2.047	789.973	-0.641
0.893	-0.402	17.820	3.808	2.056	786.317	-0.641
0.894	-0.408	17.808	3.792	2.056	786.317	-0.639
0.896	-0.408	17.802	3.784	2.056	783.880	-0.639
0.897	-0.396	17.790	3.776	2.047	783.880	-0.641
0.899	-0.402	17.772	3.768	2.047	782.662	-0.639
0.901	-0.402	17.772	3.743	2.056	782.662	-0.639
0.902	-0.396	17.747	3.718	2.064	780.225	-0.639
0.904	-0.390	17.729	3.710	2.056	781.443	-0.634
0.905	-0.396	17.705	3.694	2.056	783.880	-0.636
0.907	-0.390	17.693	3.702	2.047	791.191	-0.636
0.908	-0.390	17.668	3.677	2.047	797.283	-0.634
0.910	-0.390	17.693	3.661	2.064	804.594	-0.637
0.911	-0.377	17.747	3.653	2.047	804.594	-0.634
0.913	-0.377	17.753	3.636	2.056	802.157	-0.636
0.914	-0.377	17.778	3.612	2.039	800.939	-0.634
0.916	-0.377	17.772	3.612	2.047	798.502	-0.634
0.918	-0.377	17.790	3.587	2.047	797.283	-0.637
0.919	-0.371	17.778	3.579	2.039	797.283	-0.634
0.921	-0.377	17.778	3.563	2.064	794.846	-0.633
0.922	-0.377	17.772	3.546	2.056	794.846	-0.632
0.924	-0.371	17.760	3.538	2.047	792.409	-0.633
0.925	-0.371	17.747	3.522	2.056	791.191	-0.631
0.927	-0.359	17.735	3.514	2.064	789.973	-0.633
0.928	-0.365	17.723	3.497	2.039	788.754	-0.633
0.930	-0.359	17.699	3.481	2.064	788.754	-0.633
0.932	-0.371	17.686	3.473	2.064	786.317	-0.634
0.933	-0.365	17.644	3.456	2.056	786.317	-0.634
0.935	-0.365	17.693	3.456	2.056	783.880	-0.634
0.936	-0.365	17.735	3.423	2.047	782.662	-0.634
0.938	-0.359	17.747	3.415	2.056	781.443	-0.634
0.939	-0.359	17.753	3.407	2.056	777.788	-0.636
0.941	-0.359	17.760	3.391	2.056	780.225	-0.639
0.942	-0.353	17.766	3.374	2.056	785.099	-0.638
0.944	-0.353	17.760	3.366	2.047	791.191	-0.637
0.945	-0.353	17.760	3.358	2.056	797.283	-0.639
0.947	-0.353	17.747	3.350	2.056	802.157	-0.641
0.949	-0.359	17.747	3.325	2.047	800.939	-0.641
0.950	-0.347	17.735	3.317	2.056	799.720	-0.639
0.952	-0.347	17.705	3.309	2.056	798.502	-0.639
0.953	-0.347	17.699	3.292	2.056	798.502	-0.639
0.955	-0.353	17.674	3.276	2.047	797.283	-0.641
0.956	-0.335	17.686	3.260	2.056	793.628	-0.639
0.958	-0.347	17.705	3.260	2.047	792.409	-0.641
0.959	-0.341	17.711	3.251	2.056	793.628	-0.641
0.961	-0.335	17.699	3.235	2.039	788.754	-0.643
0.963	-0.335	17.693	3.227	2.047	789.973	-0.642
0.964	-0.341	17.680	3.211	2.039	788.754	-0.639
0.966	-0.329	17.668	3.186	2.039	786.317	-0.641
0.967	-0.329	17.650	3.186	2.047	786.317	-0.639
0.969	-0.335	17.668	3.161	2.047	783.880	-0.638
0.970	-0.329	17.699	3.161	2.056	783.880	-0.639
0.972	-0.329	17.699	3.145	2.047	780.225	-0.639
0.973	-0.329	17.705	3.129	2.047	780.225	-0.641
0.975	-0.329	17.699	3.129	2.031	780.225	-0.637
0.976	-0.329	17.711	3.112	2.047	781.443	-0.636
0.978	-0.323	17.699	3.096	2.039	783.880	-0.636
0.980	-0.329	17.680	3.088	2.039	791.191	-0.634
0.981	-0.323	17.674	3.063	2.056	796.065	-0.636
0.983	-0.317	17.656	3.047	2.047	803.376	-0.634
0.984	-0.317	17.674	3.047	2.047	803.376	-0.633
0.986	-0.317	17.699	3.022	2.039	803.376	-0.636
0.987	-0.323	17.699	3.014	2.047	800.939	-0.634
0.989	-0.304	17.705	3.014	2.056	797.283	-0.636
0.990	-0.311	17.693	2.998	2.047	798.502	-0.634
0.992	-0.317	17.699	2.981	2.039	797.283	-0.636
0.994	-0.304	17.686	2.973	2.056	792.409	-0.634
0.995	-0.304	17.674	2.957	2.047	793.628	-0.632
0.997	-0.311	17.662	2.940	2.047	791.191	-0.632
0.998	-0.311	17.644	2.932	2.056	792.409	-0.631
1.000	-0.298	17.638	2.924	2.039	789.973	-0.634
1.001	-0.304	17.607	2.907	2.039	787.536	-0.632
1.003	-0.298	17.638	2.891	2.039	788.754	-0.634
1.004	-0.298	17.680	2.899	2.056	786.317	-0.633
1.006	-0.298	17.693	2.875	2.039	783.880	-0.633
1.007	-0.298	17.699	2.858	2.047	785.099	-0.633
1.009	-0.304	17.699	2.850	2.039	783.880	-0.632
1.011	-0.292	17.699	2.834	2.047	781.443	-0.634
1.012	-0.292	17.699	2.817	2.047	774.132	-0.634
1.014	2.326	17.711	2.817	2.039	724.174	-0.691
1.015	42.332	17.686	2.850	2.047	794.846	-0.632
1.017	44.268	17.674	2.867	2.039	769.258	-0.625
1.018	44.384	17.668	2.899	2.047	796.065	-0.641
1.020	44.408	17.650	2.916	2.047	793.628	-0.641
1.021	44.420	17.632	2.948	2.047	804.594	-0.634
1.023	44.426	17.613	2.965	2.039	802.157	-0.637
1.025	44.432	17.638	2.998	2.047	797.283	-0.639
1.026	44.426	17.662	3.014	2.039	797.283	-0.638
1.028	44.420	17.662	3.030	2.047	797.283	-0.638
1.029	44.432	17.656	3.055	2.047	794.846	-0.638
1.031	44.426	17.650	3.079	2.047	793.628	-0.641
1.032	44.426	17.656	3.104	2.031	793.628	-0.639
1.034	44.426	17.650	3.112	2.047	789.973	-0.639
1.035	44.420	17.626	3.129	2.039	789.973	-0.641
1.037	44.420	17.620	3.145	2.031	788.754	-0.638
1.038	44.426	17.613	3.161	2.039	787.536	-0.639
1.040	44.414	17.601	3.178	2.039	786.317	-0.638
1.042	44.408	17.559	3.194	2.047	782.662	-0.639
1.043	44.420	17.601	3.219	2.039	783.880	-0.638
1.045	44.414	17.644	3.235	2.039	783.880	-0.638
1.046	44.414	17.644	3.260	2.047	781.443	-0.637
1.048	44.402	17.656	3.276	2.039	780.225	-0.637
1.049	44.408	17.656	3.301	2.039	785.099	-0.637
1.051	44.402	17.656	3.309	2.031	781.443	-0.636
1.052	44.402	17.650	3.325	2.056	787.536	-0.636
1.054	44.396	17.650	3.342	2.023	793.628	-0.634
1.056	44.402	17.638	3.358	2.039	800.939	-0.634
1.057	44.390	17.626	3.383	2.039	802.157	-0.636
1.059	44.396	17.626	3.399	2.039	800.939	-0.634
1.060	44.384	17.601	3.399	2.039	800.939	-0.634
1.062	44.384	17.589	3.432	2.047	800.939	-0.634
1.063	44.378	17.559	3.448	2.039	797.283	-0.632
1.065	44.371	17.595	3.456	2.039	797.283	-0.632
1.066	44.371	17.613	3.473	2.047	794.846	-0.632
1.068	44.371	17.626	3.481	2.056	794.846	-0.632
1.069	44.365	17.613	3.497	2.039	793.628	-0.633
1.071	44.365	17.620	3.522	2.031	793.628	-0.632
1.073	44.365	17.613	3.538	2.039	788.754	-0.632
1.074	44.359	17.607	3.546	2.047	789.973	-0.632
1.076	44.347	17.595	3.563	2.047	786.317	-0.632
1.077	44.347	17.583	3.571	2.039	787.536	-0.632
1.079	44.341	17.559	3.587	2.047	786.317	-0.632
1.080	44.347	17.559	3.604	2.031	783.880	-0.632
1.082	44.335	17.528	3.636	2.047	782.662	-0.633
1.083	44.335	17.571	3.636	2.039	781.443	-0.632
1.085	44.329	17.583	3.653	2.039	776.569	-0.633
1.087	44.329	17.571	3.669	2.039	780.225	-0.637
1.088	44.317	17.565	3.686	2.031	783.880	-0.637
1.090	44.323	17.571	3.694	2.047	788.754	-0.638
1.091	44.305	17.559	3.710	2.039	797.283	-0.638
1.093	44.286	17.559	3.718	2.039	799.720	-0.638
1.094	44.268	17.534	3.727	2.031	802.157	-0.638
1.096	44.292	17.528	3.751	2.047	800.939	-0.638
1.097	44.298	17.504	3.768	2.047	797.283	-0.638
1.099	44.298	17.504	3.768	2.039	797.283	-0.638
1.100	44.292	17.486	3.792	2.039	796.065	-0.639
1.102	44.292	17.528	3.808	2.031	794.846	-0.638
1.104	44.292	17.565	3.817	2.039	798.502	-0.643
1.105	44.286	17.577	3.817	2.039	792.409	-0.643
1.107	44.268	17.589	3.849	2.031	792.409	-0.641
1.108	44.262	17.601	3.866	2.039	789.973	-0.641
1.110	44.268	17.595	3.866	2.039	787.536	-0.639
1.111	44.268	17.601	3.882	2.039	787.536	-0.639
1.113	44.262	17.595	3.899	2.039	786.317	-0.638
1.114	44.250	17.583	3.915	2.039	783.880	-0.641
1.116	44.262	17.583	3.931	2.039	782.662	-0.639
1.118	44.250	17.577	3.940	2.047	783.880	-0.638
1.119	44.250	17.553	3.948	2.031	780.225	-0.638
1.121	44.244	17.559	3.964	2.039	779.006	-0.638
1.122	44.238	17.528	3.980	2.039	783.880	-0.638
1.124	44.238	17.528	3.997	2.031	780.225	-0.636
1.125	44.231	17.498	3.997	2.039	787.536	-0.633
1.127	44.225	17.479	4.013	2.031	793.628	-0.636
1.128	44.219	17.461	4.038	2.031	798.502	-0.634
1.130	44.219	17.504	4.046	2.031	803.376	-0.636
1.131	44.219	17.510	4.046	2.047	803.376	-0.634
1.133	44.207	17.516	4.054	2.031	798.502	-0.634
1.135	44.207	17.510	4.079	2.047	798.502	-0.633
1.136	44.219	17.510	4.087	2.047	798.502	-0.632
1.138	44.201	17.498	4.112	2.031	796.065	-0.632
1.139	44.207	17.492	4.120	2.039	794.846	-0.636
1.141	44.201	17.467	4.136	2.031	793.628	-0.632
1.142	44.189	17.479	4.144	2.039	792.409	-0.632
1.144	44.183	17.449	4.161	2.031	791.191	-0.632
1.145	44.189	17.437	4.161	2.031	791.191	-0.633
1.147	44.183	17.425	4.185	2.031	788.754	-0.632
1.149	44.177	17.473	4.185	2.031	787.536	-0.632
1.150	44.171	17.486	4.193	2.039	787.536	-0.632
1.152	44.177	17.492	4.226	2.039	786.317	-0.632
1.153	44.164	17.486	4.234	2.039	782.662	-0.637
1.155	44.164	17.492	4.243	2.031	782.662	-0.634
1.156	44.164	17.486	4.259	2.031	782.662	-0.633
1.158	44.164	17.492	4.259	2.031	779.006	-0.633
1.159	44.146	17.479	4.267	2.039	777.788	-0.638
1.161	44.146	17.473	4.292	2.031	782.662	-0.639
1.162	44.146	17.455	4.300	2.031	788.754	-0.638
1.164	44.146	17.449	4.316	2.039	796.065	-0.639
1.166	44.140	17.431	4.308	2.031	800.939	-0.637
1.167	44.128	17.419	4.341	2.031	800.939	-0.642
1.169	44.128	17.406	4.349	2.031	799.720	-0.642
1.170	44.128	17.394	4.365	2.023	797.283	-0.642
1.172	44.116	17.388	4.374	2.039	796.065	-0.641
1.173	44.122	17.437	4.390	2.047	796.065	-0.641
1.175	44.122	17.455	4.398	2.031	793.628	-0.642
1.176	44.116	17.455	4.398	2.031	791.191	-0.642
1.178	44.110	17.449	4.423	2.039	791.191	-0.642
1.180	44.110	17.455	4.439	2.039	791.191	-0.642
1.181	44.104	17.443	4.439	2.031	788.754	-0.642
1.183	44.091	17.443	4.447	2.039	789.973	-0.639
1.184	44.098	17.437	4.480	2.039	787.536	-0.639
1.186	44.091	17.443	4.488	2.039	786.317	-0.641
1.187	44.091	17.419	4.488	2.039	785.099	-0.639
1.189	44.091	17.425	4.505	2.031	783.880	-0.638
1.190	44.085	17.400	4.521	2.039	783.880	-0.637
1.192	44.073	17.394	4.537	2.031	781.443	-0.638
1.193	44.067	17.382	4.546	2.039	779.006	-0.638
1.195	44.073	17.358	4.546	2.047	783.880	-0.638
1.197	44.067	17.364	4.570	2.047	780.225	-0.634
1.198	44.067	17.339	4.587	2.039	787.536	-0.637
1.200	44.061	17.327	4.587	2.047	793.628	-0.634
1.201	44.061	17.309	4.595	2.047	798.502	-0.636
1.203	44.055	17.321	4.611	2.039	802.157	-0.634
1.204	44.055	17.382	4.628	2.039	802.157	-0.633
1.206	44.049	17.376	4.619	2.039	800.939	-0.633
1.207	44.037	17.394	4.652	2.039	800.939	-0.633
1.209	44.037	17.394	4.660	2.047	798.502	-0.634
1.211	44.037	17.394	4.669	2.039	796.065	-0.633
1.212	44.037	17.388	4.677	2.039	797.283	-0.633
1.214	44.037	17.394	4.701	2.023	794.846	-0.632
1.215	44.024	17.394	4.693	2.031	791.191	-0.631
1.217	44.012	17.382	4.718	2.047	792.409	-0.631
1.218	44.012	17.382	4.718	2.039	791.191	-0.632
1.220	25.705	17.406	4.652	1.998	764.384	-0.736
1.221	0.670	17.364	4.701	2.039	792.409	-0.616
1.223	-0.396	17.364	4.669	2.039	738.796	-0.625
1.224	-0.438	17.346	4.644	2.039	794.846	-0.622
1.226	-0.451	17.339	4.619	2.039	785.099	-0.632
1.228	-0.463	17.327	4.587	2.031	777.788	-0.631
1.229	-0.463	17.309	4.578	2.031	782.662	-0.628
1.231	-0.457	17.303	4.554	2.039	781.443	-0.628
1.232	-0.469	17.297	4.529	2.039	776.569	-0.631
1.234	-0.469	17.279	4.513	2.039	780.225	-0.632
1.235	-0.457	17.266	4.505	2.031	788.754	-0.634
1.237	-0.469	17.260	4.464	2.039	793.628	-0.632
1.238	-0.451	17.242	4.456	2.031	798.502	-0.634
1.240	-0.463	17.236	4.447	2.031	802.157	-0.633
1.242	-0.457	17.212	4.415	2.023	799.720	-0.633
1.243	-0.463	17.212	4.390	2.031	800.939	-0.633
1.245	-0.463	17.187	4.374	2.039	796.065	-0.634
1.246	-0.444	17.193	4.357	2.039	796.065	-0.636
1.248	-0.457	17.181	4.333	2.031	793.628	-0.636
1.249	-0.451	17.169	4.316	2.039	786.317	-0.638
1.251	-0.444	17.145	4.300	2.039	791.191	-0.637
1.252	-0.451	17.151	4.284	2.047	792.409	-0.636
1.254	-0.444	17.139	4.275	2.039	788.754	-0.636
1.255	-0.451	17.126	4.251	2.047	788.754	-0.634
1.257	-0.438	17.120	4.234	2.047	787.536	-0.636
1.259	-0.444	17.175	4.210	2.039	786.317	-0.636
1.260	-0.451	17.181	4.210	2.039	782.662	-0.636
1.262	-0.432	17.193	4.193	2.047	782.662	-0.634
1.263	-0.438	17.199	4.169	2.047	783.880	-0.634
1.265	-0.432	17.206	4.152	2.039	781.443	-0.632
1.266	-0.432	17.199	4.128	2.047	781.443	-0.634
1.268	-0.432	17.212	4.128	2.039	782.662	-0.632
1.269	-0.426	17.199	4.112	2.039	781.443	-0.630
1.271	-0.432	17.212	4.095	2.031	785.099	-0.631
1.273	-0.432	17.193	4.079	2.039	792.409	-0.632
1.274	-0.426	17.212	4.062	2.039	800.939	-0.630
1.276	-0.426	17.199	4.046	2.039	803.376	-0.631
1.277	-0.426	17.206	4.030	2.039	802.157	-0.631
1.279	-0.420	17.199	4.013	2.047	798.502	-0.632
1.280	-0.420	17.199	4.005	2.039	799.720	-0.627
1.282	-0.420	17.193	3.980	2.039	797.283	-0.628
1.283	-0.426	17.187	3.980	2.039	796.065	-0.630
1.285	-0.426	17.181	3.948	2.039	793.628	-0.630
1.286	-0.408	17.187	3.931	2.047	794.846	-0.626
1.288	-0.414	17.175	3.923	2.047	791.191	-0.627
1.290	-0.408	17.187	3.915	2.031	789.973	-0.626
1.291	-0.408	17.169	3.907	2.039	789.973	-0.630
1.293	-0.408	17.175	3.882	2.047	788.754	-0.627
1.294	-0.408	17.163	3.866	2.039	787.536	-0.627
1.296	-0.408	17.175	3.849	2.047	786.317	-0.628
1.297	-0.414	17.157	3.833	2.039	785.099	-0.628
1.299	-0.408	17.145	3.825	2.047	783.880	-0.630
1.300	-0.402	17.132	3.817	2.047	783.880	-0.627
1.302	-0.402	17.157	3.800	2.047	782.662	-0.628
1.304	-0.396	17.132	3.792	2.056	781.443	-0.631
1.305	-0.390	17.132	3.759	2.047	780.225	-0.634
1.307	-0.396	17.126	3.751	2.047	781.443	-0.633
1.308	-0.384	17.132	3.735	2.047	788.754	-0.634
1.310	-0.390	17.114	3.718	2.031	794.846	-0.633
1.311	-0.390	17.120	3.718	2.039	800.939	-0.634
1.313	-0.390	17.114	3.702	2.047	800.939	-0.633
1.314	-0.384	17.120	3.686	2.047	800.939	-0.634
1.316	-0.390	17.114	3.669	2.039	798.502	-0.634
1.317	-0.390	17.193	3.653	2.031	796.065	-0.634
1.319	-0.390	17.279	3.653	2.047	797.283	-0.634
1.321	-0.390	17.333	3.636	2.047	792.409	-0.636
1.322	-0.377	17.376	3.620	2.056	802.157	-0.630
1.324	-0.377	17.419	3.604	2.056	792.409	-0.637
1.325	-0.371	17.467	3.579	2.039	791.191	-0.637
1.327	-0.384	17.510	3.571	2.039	788.754	-0.636
1.328	-0.371	17.528	3.555	2.047	788.754	-0.634
1.330	-0.377	17.553	3.546	2.039	787.536	-0.633
1.331	-0.371	17.571	3.538	2.031	786.317	-0.634
1.333	-0.371	17.589	3.522	2.047	785.099	-0.634
1.335	-0.377	17.589	3.514	2.047	781.443	-0.636
1.336	-0.365	17.607	3.489	2.047	782.662	-0.633
1.338	-0.359	17.613	3.489	2.023	781.443	-0.633
1.339	-0.365	17.607	3.481	2.047	780.225	-0.632
1.341	-0.365	17.626	3.456	2.047	786.317	-0.633
1.342	-0.365	17.680	3.440	2.039	781.443	-0.630
1.344	-0.353	17.711	3.423	2.039	788.754	-0.631
1.345	-0.353	17.723	3.415	2.039	794.846	-0.628
1.347	-0.365	17.747	3.415	2.047	800.939	-0.631
1.348	-0.353	17.760	3.399	2.039	802.157	-0.628
1.350	-0.365	17.760	3.383	2.039	802.157	-0.630
1.352	-0.359	17.772	3.358	2.047	800.939	-0.630
1.353	-0.353	17.766	3.350	2.056	798.502	-0.628
1.355	-0.353	17.766	3.342	2.039	797.283	-0.630
1.356	-0.347	17.760	3.333	2.039	798.502	-0.628
1.358	-0.347	17.735	3.301	2.039	794.846	-0.630
1.359	-0.347	17.729	3.301	2.047	794.846	-0.626
1.361	-0.347	17.723	3.284	2.039	793.628	-0.626
1.362	-0.341	17.699	3.276	2.047	789.973	-0.626
1.364	-0.347	17.662	3.268	2.039	791.191	-0.628
1.366	-0.341	17.662	3.260	2.031	789.973	-0.626
1.367	-0.347	17.620	3.235	2.031	787.536	-0.627
1.369	-0.341	17.613	3.219	2.039	787.536	-0.627
1.370	-0.335	17.583	3.227	2.031	785.099	-0.627
1.372	-0.341	17.553	3.202	2.039	783.880	-0.627
1.373	-0.329	17.540	3.194	2.031	782.662	-0.627
1.375	-0.335	17.498	3.170	2.039	781.443	-0.628
1.376	-0.329	17.504	3.161	2.031	776.569	-0.628
1.378	-0.341	17.540	3.153	2.023	779.006	-0.633
1.379	-0.323	17.540	3.129	2.039	783.880	-0.632
1.381	-0.335	17.540	3.120	2.023	788.754	-0.632
1.383	-0.329	17.528	3.112	2.039	796.065	-0.634
1.384	-0.323	17.528	3.112	2.039	800.939	-0.633
1.386	-0.323	17.510	3.096	2.039	799.720	-0.632
1.387	-0.323	17.504	3.071	2.047	799.720	-0.633
1.389	-0.323	17.492	3.063	2.031	799.720	-0.632
1.390	-0.317	17.479	3.063	2.047	797.283	-0.633
1.392	-0.317	17.467	3.047	2.031	796.065	-0.634
1.393	-0.317	17.443	3.039	2.039	793.628	-0.633
1.395	-0.311	17.437	3.014	2.039	792.409	-0.637
1.397	-0.311	17.419	2.998	2.039	791.191	-0.634
1.398	-0.298	17.400	2.989	2.039	789.973	-0.634
1.400	-0.311	17.376	2.981	2.031	789.973	-0.633
1.401	-0.311	17.364	2.973	2.039	789.973	-0.633
1.403	-0.304	17.333	2.957	2.031	787.536	-0.634
1.404	-0.304	17.327	2.948	2.039	785.099	-0.632
1.406	-0.311	17.297	2.932	2.039	782.662	-0.632
1.407	-0.311	17.279	2.932	2.023	783.880	-0.633
1.409	-0.304	17.248	2.916	2.039	782.662	-0.632
1.410	-0.292	17.260	2.883	2.031	781.443	-0.633
1.412	-0.304	17.224	2.891	2.039	780.225	-0.633
1.414	-0.298	17.206	2.867	2.047	785.099	-0.632
1.415	-0.298	17.187	2.867	2.039	782.662	-0.630
1.417	-0.292	17.187	2.850	2.039	788.754	-0.628
1.418	-0.298	17.169	2.834	2.039	794.846	-0.628
1.420	-0.292	17.151	2.817	2.031	799.720	-0.628
1.421	-0.292	17.139	2.801	2.047	803.376	-0.628
1.423	-0.359	17.139	2.809	2.031	800.939	-0.627
1.424	40.134	17.120	2.809	2.031	785.099	-0.621
1.426	44.177	17.108	2.850	2.031	763.166	-0.633
1.428	44.371	17.090	2.867	2.039	808.250	-0.621
1.429	44.402	17.078	2.907	2.039	799.720	-0.630
1.431	44.420	17.072	2.924	2.039	789.973	-0.631
1.432	44.438	17.065	2.957	2.031	796.065	-0.622
1.434	44.432	17.059	2.965	2.031	793.628	-0.623
1.435	44.432	17.059	2.989	2.039	789.973	-0.627
1.437	44.432	17.047	3.006	2.047	788.754	-0.625
1.438	44.432	17.029	3.030	2.031	788.754	-0.626
1.440	44.432	17.029	3.047	2.039	786.317	-0.626
1.441	44.432	17.023	3.079	2.039	786.317	-0.627
1.443	44.432	17.017	3.088	2.047	783.880	-0.626
1.445	44.432	17.023	3.112	2.031	783.880	-0.626
1.446	44.438	17.017	3.137	2.039	782.662	-0.626
1.448	44.432	17.017	3.153	2.056	780.225	-0.627
1.449	44.432	17.017	3.161	2.031	776.569	-0.628
1.451	44.426	17.011	3.161	2.039	780.225	-0.631
1.452	44.420	17.011	3.211	2.039	785.099	-0.631
1.454	44.426	17.017	3.227	2.047	792.409	-0.632
1.455	44.420	17.023	3.227	2.039	797.283	-0.632
1.457	44.414	17.023	3.251	2.047	802.157	-0.632
1.459	44.408	17.023	3.268	2.039	800.939	-0.632
1.460	44.408	17.029	3.284	2.039	799.720	-0.632
1.462	44.408	17.035	3.301	2.047	796.065	-0.633
1.463	44.402	17.029	3.325	2.039	798.502	-0.633
1.465	44.396	17.035	3.333	2.039	796.065	-0.633
1.466	44.396	17.041	3.350	2.039	794.846	-0.633
1.468	44.396	17.035	3.374	2.039	789.973	-0.636
1.469	44.396	17.035	3.374	2.039	791.191	-0.634
1.471	44.390	17.047	3.399	2.039	791.191	-0.634
1.472	44.384	17.047	3.407	2.047	788.754	-0.633
1.474	44.384	17.053	3.423	2.047	788.754	-0.630
1.476	44.378	17.059	3.456	2.047	788.754	-0.632
1.477	44.359	17.053	3.448	2.047	785.099	-0.633
1.479	44.371	17.065	3.481	2.047	785.099	-0.630
1.480	44.365	17.065	3.497	2.047	782.662	-0.632
1.482	44.365	17.078	3.505	2.047	783.880	-0.632
1.483	44.365	17.072	3.522	2.031	782.662	-0.632
1.485	44.359	17.072	3.530	2.047	780.225	-0.632
1.486	44.359	17.078	3.555	2.039	781.443	-0.630
1.488	44.347	17.078	3.563	2.056	785.099	-0.627
1.490	44.335	17.078	3.563	2.047	791.191	-0.628
1.491	44.335	17.078	3.604	2.047	796.065	-0.627
1.493	44.341	17.090	3.612	2.056	802.157	-0.625
1.494	44.341	17.102	3.620	2.056	802.157	-0.627
1.496	44.335	17.096	3.636	2.039	802.157	-0.626
1.497	44.335	17.096	3.653	2.056	800.939	-0.628
1.499	44.329	17.096	3.653	2.047	799.720	-0.626
1.500	44.286	17.102	3.677	2.047	797.283	-0.627
1.502	44.286	17.102	3.694	2.039	797.283	-0.628
1.503	44.305	17.108	3.702	2.064	793.628	-0.627
1.505	44.305	17.108	3.727	2.039	793.628	-0.627
1.507	44.298	17.120	3.727	2.056	791.191	-0.625
1.508	44.311	17.114	3.751	2.047	791.191	-0.626
1.510	44.298	17.114	3.768	2.056	789.973	-0.625
1.511	44.305	17.114	3.768	2.047	787.536	-0.626
1.513	44.286	17.114	3.792	2.047	788.754	-0.625
1.514	44.286	17.108	3.792	2.047	786.317	-0.626
1.516	44.286	17.126	3.817	2.047	785.099	-0.625
1.517	44.286	17.120	3.825	2.056	785.099	-0.626
1.519	44.274	17.120	3.841	2.039	781.443	-0.627
1.521	44.262	17.114	3.849	2.047	780.225	-0.626
1.522	44.268	17.114	3.866	2.056	776.569	-0.630
1.524	44.262	17.120	3.890	2.056	779.006	-0.631
1.525	44.262	17.126	3.899	2.047	785.099	-0.631
1.527	44.250	17.120	3.915	2.047	789.973	-0.632
1.528	44.250	17.114	3.915	2.047	797.283	-0.632
1.530	44.262	17.102	3.940	2.064	800.939	-0.630
1.531	44.244	17.120	3.948	2.047	800.939	-0.633
1.533	44.250	17.108	3.956	2.064	798.502	-0.633
1.534	44.244	17.120	3.964	2.056	798.502	-0.633
1.536	44.238	17.120	3.989	2.047	797.283	-0.632
1.538	44.244	17.120	3.997	2.047	796.065	-0.631
1.539	44.225	17.114	4.013	2.047	793.628	-0.632
1.541	44.231	17.120	4.021	2.047	792.409	-0.632
1.542	44.231	17.114	4.030	2.039	791.191	-0.633
1.544	44.213	17.120	4.046	2.064	789.973	-0.632
1.545	44.219	17.114	4.062	2.047	788.754	-0.632
1.547	44.213	17.114	4.062	2.047	788.754	-0.632
1.548	44.213	17.126	4.087	2.047	786.317	-0.632
1.550	44.201	17.114	4.095	2.064	786.317	-0.632
1.552	44.201	17.114	4.112	2.047	786.317	-0.632
1.553	44.195	17.120	4.128	2.056	782.662	-0.632
1.555	44.189	17.120	4.136	2.047	782.662	-0.631
1.556	44.189	17.126	4.152	2.047	781.443	-0.632
1.558	44.195	17.120	4.169	2.047	779.006	-0.632
1.559	44.183	17.126	4.169	2.056	780.225	-0.626
1.561	44.183	17.120	4.177	2.047	786.317	-0.627
1.562	44.177	17.126	4.210	2.056	792.409	-0.627
1.564	44.164	17.120	4.210	2.056	797.283	-0.628
1.565	44.171	17.120	4.218	2.056	802.157	-0.627
1.567	44.171	17.120	4.234	2.047	800.939	-0.631
1.569	44.164	17.120	4.243	2.064	802.157	-0.628
1.570	44.152	17.120	4.267	2.056	800.939	-0.630
1.572	44.152	17.126	4.267	2.064	798.502	-0.627
1.573	44.152	17.120	4.275	2.047	797.283	-0.627
1.575	44.152	17.132	4.300	2.047	796.065	-0.628
1.576	44.146	17.120	4.292	2.047	794.846	-0.626
1.578	44.134	17.126	4.316	2.072	792.409	-0.627
1.579	44.134	17.120	4.324	2.056	792.409	-0.625
1.581	44.128	17.126	4.333	2.056	791.191	-0.627
1.583	44.128	17.126	4.357	2.064	789.973	-0.626
1.584	44.128	17.120	4.365	2.064	788.754	-0.627
1.586	44.116	17.132	4.374	2.056	787.536	-0.627
1.587	44.116	17.126	4.390	2.072	787.536	-0.625
1.589	44.110	17.120	4.406	2.047	786.317	-0.626
1.590	44.110	17.139	4.406	2.056	785.099	-0.626
1.592	44.104	17.126	4.423	2.056	782.662	-0.627
1.593	44.098	17.132	4.447	2.064	782.662	-0.627
1.595	44.104	17.126	4.447	2.056	777.788	-0.631
1.596	44.091	17.126	4.472	2.056	781.443	-0.632
1.598	44.091	17.132	4.480	2.056	787.536	-0.633
1.600	44.091	17.132	4.488	2.056	793.628	-0.630
1.601	44.079	17.132	4.513	2.064	800.939	-0.631
1.603	44.085	17.139	4.505	2.056	802.157	-0.633
1.604	44.085	17.139	4.529	2.056	800.939	-0.632
1.606	44.061	17.139	4.529	2.064	793.628	-0.638
1.607	44.085	17.132	4.537	2.064	797.283	-0.633
1.609	44.085	17.145	4.546	2.072	793.628	-0.636
1.610	44.067	17.139	4.562	2.047	794.846	-0.632
1.612	44.055	17.145	4.570	2.064	792.409	-0.633
1.614	44.061	17.145	4.587	2.064	793.628	-0.636
1.615	44.055	17.145	4.587	2.064	793.628	-0.633
1.617	44.055	17.139	4.603	2.056	789.973	-0.634
1.618	44.043	17.151	4.603	2.047	789.973	-0.633
1.620	44.055	17.139	4.636	2.056	785.099	-0.634
1.621	44.128	17.151	4.619	2.064	761.947	-0.654
1.623	44.049	17.132	4.628	2.072	772.914	-0.632
1.624	44.055	17.139	4.669	2.072	789.973	-0.627
1.626	44.024	17.145	4.669	2.064	780.225	-0.632
1.627	44.012	17.139	4.669	2.056	783.880	-0.628
1.629	43.702	17.132	4.685	2.056	783.880	-0.625
1.631	1.796	17.151	4.652	2.047	797.283	-0.653
1.632	-0.329	17.145	4.628	2.064	748.544	-0.636
1.634	-0.426	17.151	4.595	2.064	777.788	-0.623
1.635	-0.451	17.145	4.587	2.056	799.720	-0.617
1.637	-0.451	17.157	4.546	2.072	799.720	-0.625
1.638	-0.469	17.145	4.529	2.064	799.720	-0.625
1.640	-0.451	17.151	4.505	2.064	804.594	-0.621
1.641	-0.457	17.145	4.488	2.072	802.157	-0.625
1.643	-0.463	17.157	4.480	2.072	798.502	-0.622
1.645	-0.463	17.145	4.439	2.064	799.720	-0.622
1.646	-0.457	17.163	4.423	2.064	799.720	-0.621
1.648	-0.457	17.151	4.406	2.064	794.846	-0.623
1.649	-0.457	17.169	4.390	2.064	793.628	-0.620
1.651	-0.457	17.151	4.382	2.072	793.628	-0.620
1.652	-0.457	17.163	4.349	2.064	793.628	-0.621
1.654	-0.457	17.151	4.324	2.064	792.409	-0.620
1.655	-0.457	17.163	4.316	2.072	789.973	-0.622
1.657	-0.444	17.157	4.308	2.064	788.754	-0.622
1.658	-0.451	17.163	4.275	2.072	786.317	-0.623
1.660	-0.444	17.163	4.259	2.072	785.099	-0.621
1.662	-0.444	17.163	4.251	2.064	783.880	-0.622
1.663	-0.451	17.157	4.234	2.064	782.662	-0.621
1.665	-0.444	17.163	4.218	2.064	781.443	-0.622
1.666	-0.444	17.151	4.202	2.064	780.225	-0.622
1.668	-0.432	17.169	4.185	2.072	777.788	-0.627
1.669	-0.432	17.145	4.169	2.064	783.880	-0.626
1.671	-0.432	17.163	4.161	2.064	788.754	-0.628
1.672	-0.426	17.151	4.136	2.072	797.283	-0.628
1.674	-0.444	17.163	4.120	2.072	799.720	-0.627
1.676	-0.432	17.157	4.103	2.072	802.157	-0.627
1.677	-0.438	17.169	4.087	2.072	799.720	-0.628
1.679	-0.426	17.157	4.071	2.072	798.502	-0.628
1.680	-0.432	17.175	4.062	2.080	797.283	-0.627
1.682	-0.426	17.157	4.046	2.072	797.283	-0.628
1.683	-0.426	17.175	4.030	2.080	797.283	-0.628
