Time (ms)	Ch1 V	Ch2 V	Ch1 A	Ch2 A	RPM	Torque
0.000	49.303	19.623	3.866	2.269	870.392	-0.691
0.002	49.303	19.665	3.882	2.269	878.922	-0.691
0.003	49.297	19.671	3.899	2.269	883.796	-0.691
0.005	49.291	19.677	3.915	2.260	888.670	-0.692
0.006	49.285	19.683	3.923	2.252	885.014	-0.693
0.008	49.279	19.677	3.940	2.260	886.233	-0.688
0.009	49.266	19.653	3.964	2.269	883.796	-0.691
0.011	49.273	19.629	3.972	2.269	882.577	-0.692
0.012	49.279	19.610	3.989	2.260	880.140	-0.691
0.014	49.266	19.598	4.013	2.260	878.922	-0.695
0.015	49.260	19.647	4.021	2.260	876.485	-0.691
0.017	49.260	19.659	4.046	2.269	876.485	-0.692
0.019	49.254	19.659	4.054	2.260	875.266	-0.691
0.020	49.254	19.647	4.054	2.269	874.048	-0.689
0.022	49.242	19.641	4.079	2.269	872.829	-0.689
0.023	49.248	19.610	4.095	2.260	871.611	-0.692
0.025	49.248	19.586	4.103	2.252	869.174	-0.692
0.026	49.242	19.580	4.120	2.252	867.955	-0.691
0.028	49.230	19.623	4.144	2.277	866.737	-0.691
0.029	49.236	19.659	4.152	2.269	866.737	-0.692
0.031	49.218	19.665	4.169	2.260	866.737	-0.688
0.033	49.218	19.653	4.177	2.269	871.611	-0.688
0.034	49.218	19.653	4.202	2.269	880.140	-0.686
0.036	49.212	19.647	4.210	2.260	885.014	-0.687
0.037	49.212	19.616	4.226	2.260	887.451	-0.688
0.039	49.206	19.604	4.243	2.269	888.670	-0.687
0.040	49.206	19.653	4.251	2.252	886.233	-0.688
0.042	49.199	19.671	4.267	2.277	886.233	-0.687
0.043	49.193	19.671	4.275	2.252	883.796	-0.687
0.045	49.193	19.653	4.292	2.260	881.359	-0.687
0.046	49.181	19.647	4.300	2.260	882.577	-0.684
0.048	49.187	19.629	4.324	2.244	878.922	-0.684
0.050	49.175	19.604	4.349	2.260	876.485	-0.684
0.051	49.169	19.598	4.341	2.269	877.703	-0.684
0.053	49.169	19.653	4.357	2.260	875.266	-0.687
0.054	49.181	19.683	4.374	2.260	871.611	-0.686
0.056	49.169	19.683	4.382	2.260	870.392	-0.687
0.057	49.169	19.683	4.406	2.252	871.611	-0.686
0.059	49.157	19.671	4.415	2.260	869.174	-0.687
0.060	49.157	19.653	4.423	2.260	867.955	-0.688
0.062	49.151	19.635	4.456	2.269	864.300	-0.688
0.064	49.145	19.641	4.464	2.269	865.519	-0.692
0.065	49.145	19.677	4.464	2.260	869.174	-0.689
0.067	49.145	19.690	4.488	2.260	874.048	-0.692
0.068	49.133	19.677	4.488	2.252	881.359	-0.692
0.070	49.126	19.665	4.505	2.260	887.451	-0.693
0.071	49.120	19.653	4.521	2.260	886.233	-0.692
0.073	49.120	19.635	4.537	2.269	885.014	-0.693
0.074	49.120	19.604	4.554	2.260	885.014	-0.694
0.076	49.108	19.616	4.562	2.260	883.796	-0.692
0.077	49.108	19.665	4.578	2.252	882.577	-0.693
0.079	49.114	19.677	4.595	2.252	888.670	-0.692
0.081	49.114	19.683	4.619	2.260	880.140	-0.695
0.082	49.102	19.671	4.628	2.269	876.485	-0.697
0.084	49.090	19.665	4.644	2.252	876.485	-0.697
0.085	49.096	19.647	4.644	2.252	875.266	-0.695
0.087	49.090	19.623	4.652	2.269	871.611	-0.694
0.088	49.084	19.641	4.669	2.260	871.611	-0.694
0.090	49.078	19.677	4.693	2.244	870.392	-0.692
0.091	49.084	19.683	4.701	2.252	867.955	-0.695
0.093	49.072	19.683	4.701	2.252	866.737	-0.694
0.095	49.072	19.671	4.726	2.244	866.737	-0.693
0.096	49.066	19.659	4.734	2.252	869.174	-0.692
0.098	49.066	19.647	4.750	2.236	867.955	-0.689
0.099	49.066	19.610	4.775	2.260	874.048	-0.688
0.101	49.053	19.641	4.767	2.252	881.359	-0.689
0.102	49.053	19.665	4.800	2.260	886.233	-0.689
0.104	49.047	19.671	4.800	2.260	888.670	-0.689
0.105	49.053	19.665	4.816	2.252	886.233	-0.689
0.107	49.053	19.653	4.841	2.252	885.014	-0.689
0.108	49.035	19.635	4.841	2.260	883.796	-0.689
0.110	3.562	19.604	4.832	2.252	956.905	-0.749
0.112	-0.244	19.568	4.791	2.252	832.619	-0.691
0.113	-0.414	19.623	4.775	2.260	863.082	-0.687
0.115	-0.432	19.659	4.718	2.252	882.577	-0.678
0.116	-0.444	19.665	4.709	2.260	883.796	-0.682
0.118	-0.457	19.677	4.677	2.260	872.829	-0.684
0.119	-0.463	19.671	4.660	2.252	872.829	-0.683
0.121	-0.444	19.653	4.636	2.244	872.829	-0.682
0.122	-0.438	19.647	4.611	2.252	871.611	-0.684
0.124	-0.444	19.616	4.587	2.252	869.174	-0.686
0.126	-0.451	19.592	4.570	2.252	867.955	-0.683
0.127	-0.457	19.562	4.554	2.252	866.737	-0.684
0.129	-0.451	19.616	4.521	2.244	860.645	-0.686
0.130	-0.451	19.647	4.513	2.252	866.737	-0.688
0.132	-0.444	19.653	4.472	2.260	872.829	-0.689
0.133	-0.451	19.659	4.472	2.252	878.922	-0.689
0.135	-0.451	19.653	4.439	2.252	882.577	-0.688
0.136	-0.432	19.641	4.415	2.252	888.670	-0.691
0.138	-0.444	19.623	4.406	2.252	885.014	-0.688
0.139	-0.451	19.598	4.390	2.260	883.796	-0.691
0.141	-0.432	19.629	4.357	2.252	883.796	-0.691
0.143	-0.438	19.653	4.341	2.260	882.577	-0.691
0.144	-0.438	19.659	4.324	2.244	881.359	-0.692
0.146	-0.438	19.641	4.308	2.269	878.922	-0.693
0.147	-0.432	19.629	4.284	2.244	876.485	-0.693
0.149	-0.438	19.604	4.267	2.260	876.485	-0.691
0.150	-0.432	19.586	4.251	2.260	876.485	-0.691
0.152	-0.426	19.568	4.234	2.252	874.048	-0.692
0.153	-0.426	19.623	4.226	2.260	872.829	-0.691
0.155	-0.420	19.653	4.210	2.252	870.392	-0.691
0.157	-0.432	19.659	4.177	2.252	869.174	-0.689
0.158	-0.420	19.659	4.177	2.252	867.955	-0.691
0.160	-0.420	19.659	4.144	2.252	864.300	-0.692
0.161	-0.414	19.647	4.128	2.260	872.829	-0.688
0.163	-0.420	19.629	4.112	2.252	869.174	-0.687
0.164	-0.414	19.604	4.095	2.252	872.829	-0.687
0.166	-0.414	19.574	4.079	2.260	877.703	-0.684
0.167	-0.408	19.568	4.062	2.244	885.014	-0.686
0.169	-0.408	19.623	4.038	2.252	887.451	-0.687
0.170	-0.408	19.641	4.030	2.260	888.670	-0.687
0.172	-0.414	19.659	4.021	2.252	886.233	-0.687
0.174	-0.414	19.647	3.997	2.252	885.014	-0.686
0.175	-0.408	19.635	3.980	2.252	882.577	-0.687
0.177	-0.402	19.623	3.964	2.252	881.359	-0.689
0.178	-0.402	19.604	3.948	2.252	881.359	-0.686
0.180	-0.414	19.574	3.940	2.252	878.922	-0.684
0.181	-0.408	19.543	3.923	2.244	878.922	-0.684
0.183	-0.390	19.562	3.899	2.252	875.266	-0.684
0.184	-0.402	19.616	3.874	2.244	875.266	-0.683
0.186	-0.390	19.641	3.866	2.260	872.829	-0.684
0.188	-0.390	19.653	3.866	2.252	871.611	-0.684
0.189	-0.390	19.653	3.849	2.260	869.174	-0.684
0.191	-0.384	19.665	3.825	2.244	871.611	-0.683
0.192	-0.384	19.641	3.808	2.260	865.519	-0.687
0.194	-0.390	19.635	3.792	2.244	861.863	-0.686
0.195	-0.390	19.623	3.784	2.244	864.300	-0.691
0.197	-0.377	19.580	3.776	2.252	869.174	-0.692
0.198	-0.384	19.598	3.751	2.269	876.485	-0.691
0.200	-0.377	19.635	3.743	2.252	882.577	-0.692
0.201	-0.384	19.635	3.727	2.244	887.451	-0.691
0.203	-0.377	19.635	3.710	2.252	885.014	-0.691
0.205	-0.377	19.616	3.694	2.244	885.014	-0.692
0.206	-0.377	19.592	3.677	2.244	885.014	-0.692
0.208	-0.377	19.580	3.661	2.252	882.577	-0.692
0.209	-0.377	19.550	3.645	2.244	878.922	-0.692
0.211	-0.365	19.580	3.636	2.252	877.703	-0.694
0.212	-0.371	19.610	3.620	2.252	878.922	-0.694
0.214	-0.365	19.629	3.604	2.252	877.703	-0.691
0.215	-0.365	19.623	3.595	2.252	875.266	-0.693
0.217	-0.365	19.616	3.571	2.244	872.829	-0.692
0.219	-0.365	19.610	3.555	2.244	874.048	-0.689
0.220	-0.359	19.586	3.546	2.244	871.611	-0.692
0.222	-0.353	19.556	3.530	2.252	870.392	-0.692
0.223	-0.359	19.574	3.514	2.244	869.174	-0.692
0.225	-0.359	19.616	3.505	2.244	866.737	-0.691
0.226	-0.353	19.610	3.489	2.244	865.519	-0.689
0.228	-0.347	19.604	3.481	2.244	866.737	-0.688
0.229	-0.347	19.604	3.464	2.236	869.174	-0.687
0.231	-0.347	19.574	3.456	2.252	874.048	-0.688
0.232	-0.347	19.562	3.432	2.236	882.577	-0.688
0.234	-0.341	19.525	3.415	2.236	887.451	-0.688
0.236	-0.347	19.574	3.407	2.252	887.451	-0.686
0.237	-0.335	19.610	3.391	2.244	887.451	-0.686
0.239	-0.341	19.616	3.374	2.244	883.796	-0.686
0.240	-0.335	19.623	3.358	2.244	882.577	-0.688
0.242	-0.329	19.616	3.342	2.244	880.140	-0.686
0.243	-0.335	19.598	3.333	2.244	881.359	-0.687
0.245	-0.335	19.586	3.309	2.236	878.922	-0.683
0.246	-0.335	19.556	3.301	2.252	878.922	-0.686
0.248	-0.335	19.586	3.284	2.252	878.922	-0.684
0.250	-0.335	19.598	3.276	2.236	875.266	-0.683
0.251	-0.323	19.592	3.243	2.236	875.266	-0.683
0.253	-0.323	19.580	3.260	2.244	872.829	-0.684
0.254	-0.323	19.562	3.243	2.236	870.392	-0.684
0.256	-0.323	19.525	3.227	2.244	870.392	-0.686
0.257	-0.323	19.507	3.202	2.236	867.955	-0.683
0.259	-0.329	19.495	3.194	2.252	866.737	-0.686
0.260	-0.317	19.550	3.178	2.244	865.519	-0.688
0.262	-0.323	19.586	3.161	2.244	867.955	-0.688
0.263	-0.317	19.592	3.137	2.236	872.829	-0.689
0.265	-0.317	19.610	3.137	2.252	876.485	-0.689
0.267	-0.311	19.604	3.120	2.236	883.796	-0.689
0.268	-0.317	19.604	3.112	2.236	887.451	-0.689
0.270	-0.311	19.592	3.096	2.236	887.451	-0.691
0.271	-0.317	19.562	3.088	2.244	885.014	-0.691
0.273	-0.317	19.543	3.071	2.244	882.577	-0.688
0.274	-0.304	19.525	3.063	2.252	880.140	-0.691
0.276	-0.304	19.574	3.047	2.244	880.140	-0.687
0.277	-0.298	19.604	3.030	2.252	878.922	-0.691
0.279	-0.292	19.610	3.022	2.252	877.703	-0.691
0.281	-0.304	19.616	3.014	2.252	875.266	-0.691
0.282	-0.292	19.610	2.989	2.228	875.266	-0.688
0.284	-0.292	19.586	2.981	2.252	872.829	-0.689
0.285	-0.298	19.574	2.957	2.244	872.829	-0.688
0.287	-0.298	19.562	2.948	2.236	871.611	-0.688
0.288	-0.286	19.519	2.932	2.244	869.174	-0.688
0.290	-0.292	19.525	2.924	2.244	867.955	-0.688
0.291	-0.298	19.562	2.916	2.244	867.955	-0.688
0.293	-0.280	19.568	2.891	2.244	870.392	-0.688
0.294	-0.286	19.556	2.875	2.228	866.737	-0.684
0.296	-0.286	19.543	2.883	2.236	874.048	-0.684
0.298	-0.286	19.513	2.858	2.244	878.922	-0.684
0.299	-0.280	19.507	2.842	2.228	885.014	-0.684
0.301	-0.286	19.556	2.834	2.236	888.670	-0.682
0.302	-0.274	19.550	2.817	2.252	889.888	-0.682
0.304	-0.274	19.556	2.801	2.228	886.233	-0.684
0.305	-0.274	19.543	2.793	2.236	883.796	-0.683
0.307	-0.274	19.525	2.776	2.236	882.577	-0.683
0.308	30.496	19.519	2.834	2.236	1189.635	-0.631
0.310	48.457	19.489	2.809	2.252	826.527	-0.666
0.312	49.346	19.495	2.842	2.244	852.115	-0.689
0.313	49.407	19.543	2.875	2.252	872.829	-0.678
0.315	49.431	19.543	2.891	2.244	878.922	-0.678
0.316	49.449	19.550	2.940	2.236	875.266	-0.681
0.318	49.455	19.550	2.948	2.236	869.174	-0.681
0.319	49.455	19.531	2.965	2.244	874.048	-0.678
0.321	49.449	19.513	3.006	2.244	872.829	-0.681
0.322	49.455	19.483	3.022	2.236	869.174	-0.681
0.324	49.461	19.464	3.039	2.236	867.955	-0.680
0.325	49.455	19.428	3.063	2.236	860.645	-0.682
0.327	49.461	19.464	3.096	2.244	865.519	-0.684
0.329	49.455	19.501	3.112	2.244	866.737	-0.686
0.330	49.461	19.513	3.137	2.236	874.048	-0.686
0.332	49.449	19.531	3.161	2.236	882.577	-0.687
0.333	49.455	19.519	3.170	2.236	886.233	-0.686
0.335	49.437	19.513	3.194	2.252	885.014	-0.686
0.336	49.443	19.495	3.219	2.244	885.014	-0.688
0.338	49.443	19.470	3.235	2.244	883.796	-0.686
0.339	49.443	19.501	3.251	2.236	881.359	-0.688
0.341	49.431	19.519	3.276	2.236	878.922	-0.689
0.343	49.437	19.513	3.284	2.236	877.703	-0.691
0.344	49.425	19.513	3.325	2.236	878.922	-0.691
0.346	49.425	19.501	3.325	2.244	875.266	-0.688
0.347	49.419	19.476	3.342	2.244	875.266	-0.687
0.349	49.425	19.446	3.366	2.236	874.048	-0.688
0.350	49.413	19.428	3.391	2.244	876.485	-0.686
0.352	49.413	19.470	3.399	2.244	871.611	-0.688
0.353	49.407	19.507	3.423	2.228	869.174	-0.686
0.355	49.407	19.525	3.432	2.252	867.955	-0.688
0.356	49.400	19.531	3.473	2.228	866.737	-0.687
0.358	49.400	19.525	3.464	2.244	864.300	-0.686
0.360	49.400	19.525	3.489	2.244	866.737	-0.682
0.361	49.394	19.507	3.505	2.244	869.174	-0.683
0.363	49.382	19.470	3.522	2.236	875.266	-0.683
0.364	49.382	19.452	3.546	2.236	882.577	-0.683
0.366	49.382	19.440	3.555	2.236	886.233	-0.682
0.367	49.382	19.476	3.579	2.228	888.670	-0.683
0.369	49.370	19.507	3.587	2.228	887.451	-0.682
0.370	49.370	19.501	3.604	2.244	883.796	-0.684
0.372	49.364	19.507	3.620	2.236	882.577	-0.684
0.374	49.370	19.489	3.636	2.236	881.359	-0.681
0.375	49.352	19.470	3.653	2.228	881.359	-0.682
0.377	49.358	19.452	3.669	2.252	877.703	-0.682
0.378	49.352	19.434	3.686	2.236	878.922	-0.681
0.380	49.309	19.483	3.702	2.236	876.485	-0.681
0.381	49.321	19.483	3.718	2.236	875.266	-0.681
0.383	49.321	19.483	3.727	2.244	872.829	-0.682
0.384	49.333	19.458	3.743	2.236	871.611	-0.681
0.386	49.321	19.446	3.759	2.244	869.174	-0.683
0.387	49.321	19.428	3.784	2.244	867.955	-0.681
0.389	49.321	19.409	3.792	2.236	866.737	-0.683
0.391	49.315	19.409	3.800	2.252	866.737	-0.683
0.392	49.315	19.464	3.817	2.236	865.519	-0.686
0.394	49.303	19.476	3.849	2.236	866.737	-0.687
0.395	49.309	19.483	3.866	2.236	871.611	-0.687
0.397	49.297	19.470	3.874	2.244	877.703	-0.688
0.398	49.297	19.470	3.882	2.236	885.014	-0.686
0.400	49.297	19.440	3.907	2.244	886.233	-0.688
0.401	49.297	19.428	3.923	2.244	886.233	-0.687
0.403	49.297	19.403	3.940	2.252	882.577	-0.688
0.405	49.279	19.367	3.948	2.244	882.577	-0.688
0.406	49.279	19.403	3.964	2.236	880.140	-0.689
0.408	49.273	19.446	3.989	2.236	875.266	-0.691
0.409	49.273	19.464	4.005	2.244	880.140	-0.688
0.411	49.279	19.470	4.005	2.244	878.922	-0.691
0.412	49.266	19.464	4.013	2.236	875.266	-0.688
0.414	49.260	19.464	4.054	2.236	872.829	-0.687
0.415	49.266	19.440	4.054	2.244	872.829	-0.688
0.417	49.242	19.422	4.054	2.236	870.392	-0.687
0.418	49.248	19.397	4.087	2.244	870.392	-0.687
0.420	49.242	19.367	4.103	2.244	869.174	-0.687
0.422	49.242	19.416	4.120	2.244	866.737	-0.686
0.423	49.242	19.452	4.120	2.236	864.300	-0.687
0.425	49.230	19.440	4.144	2.236	872.829	-0.687
0.426	49.224	19.446	4.161	2.236	866.737	-0.683
0.428	49.230	19.434	4.161	2.236	872.829	-0.682
0.429	49.224	19.409	4.185	2.244	878.922	-0.683
0.431	49.224	19.385	4.202	2.228	886.233	-0.682
0.432	49.206	19.361	4.210	2.236	887.451	-0.683
0.434	49.206	19.330	4.226	2.244	887.451	-0.683
0.436	49.206	19.318	4.234	2.236	885.014	-0.681
0.437	49.199	19.373	4.251	2.244	882.577	-0.682
0.439	49.199	19.422	4.267	2.244	883.796	-0.682
0.440	49.193	19.428	4.275	2.236	880.140	-0.684
0.442	49.187	19.440	4.292	2.244	878.922	-0.678
0.443	49.193	19.434	4.316	2.252	877.703	-0.677
0.445	49.181	19.422	4.324	2.236	876.485	-0.680
0.446	49.175	19.416	4.341	2.244	876.485	-0.681
0.448	49.181	19.391	4.349	2.244	874.048	-0.681
0.449	49.169	19.367	4.365	2.236	872.829	-0.681
0.451	49.169	19.349	4.374	2.244	871.611	-0.681
0.453	49.163	19.403	4.390	2.244	870.392	-0.682
0.454	49.163	19.391	4.406	2.236	867.955	-0.682
0.456	49.157	19.391	4.415	2.244	866.737	-0.680
0.457	49.151	19.373	4.431	2.252	859.426	-0.681
0.459	49.151	19.349	4.447	2.244	863.082	-0.683
0.460	49.157	19.324	4.464	2.244	871.611	-0.686
0.462	49.139	19.294	4.472	2.244	876.485	-0.686
0.463	49.139	19.306	4.496	2.244	881.359	-0.686
0.465	49.133	19.373	4.496	2.252	886.233	-0.687
0.467	49.139	19.379	4.513	2.236	885.014	-0.686
0.468	49.126	19.373	4.521	2.236	885.014	-0.687
0.470	49.126	19.367	4.537	2.244	882.577	-0.684
0.471	49.126	19.355	4.554	2.236	881.359	-0.687
0.473	49.114	19.349	4.562	2.244	881.359	-0.686
0.474	49.114	19.306	4.562	2.236	876.485	-0.689
0.476	49.108	19.288	4.587	2.252	877.703	-0.688
0.477	49.102	19.257	4.603	2.252	877.703	-0.687
0.479	49.090	19.294	4.619	2.252	875.266	-0.688
0.480	49.108	19.343	4.628	2.252	875.266	-0.684
0.482	49.096	19.343	4.644	2.244	870.392	-0.687
0.484	49.084	19.343	4.660	2.252	870.392	-0.687
0.485	49.090	19.324	4.669	2.252	869.174	-0.687
0.487	49.078	19.312	4.677	2.236	867.955	-0.688
0.488	49.078	19.294	4.701	2.236	864.300	-0.687
0.490	49.072	19.257	4.709	2.236	866.737	-0.686
0.491	49.078	19.245	4.718	2.236	866.737	-0.684
0.493	49.084	19.196	4.734	2.228	871.611	-0.683
0.494	49.066	19.215	4.742	2.236	880.140	-0.681
0.496	49.059	19.215	4.759	2.236	885.014	-0.681
0.498	49.066	19.227	4.775	2.228	888.670	-0.681
0.499	49.066	19.202	4.783	2.236	886.233	-0.681
0.501	49.047	19.178	4.791	2.228	886.233	-0.682
0.502	49.072	19.142	4.808	2.236	883.796	-0.682
0.504	14.350	19.117	4.742	2.236	939.846	-0.627
0.505	0.237	19.111	4.750	2.219	793.628	-0.689
0.507	-0.396	19.160	4.734	2.236	893.544	-0.669
0.508	-0.420	19.196	4.718	2.236	878.922	-0.678
0.510	-0.469	19.196	4.685	2.228	860.645	-0.683
0.511	-0.426	19.190	4.652	2.236	866.737	-0.676
0.513	-0.451	19.184	4.636	2.236	882.577	-0.670
0.515	-0.457	19.166	4.611	2.236	871.611	-0.677
0.516	-0.444	19.148	4.578	2.236	871.611	-0.676
0.518	-0.451	19.142	4.546	2.236	870.392	-0.677
0.519	-0.451	19.105	4.529	2.236	869.174	-0.677
0.521	-0.451	19.081	4.505	2.219	866.737	-0.676
0.522	-0.451	19.044	4.505	2.236	865.519	-0.676
0.524	-0.451	19.075	4.480	2.236	864.300	-0.683
0.525	-0.438	19.099	4.447	2.228	870.392	-0.680
0.527	-0.444	19.075	4.423	2.236	875.266	-0.682
0.529	-0.451	19.056	4.406	2.244	882.577	-0.683
0.530	-0.451	19.050	4.390	2.236	886.233	-0.682
0.532	-0.432	19.020	4.374	2.228	886.233	-0.682
0.533	-0.438	18.989	4.341	2.244	885.014	-0.682
0.535	-0.438	18.965	4.333	2.236	883.796	-0.681
0.536	-0.438	19.020	4.316	2.244	882.577	-0.682
0.538	-0.438	19.062	4.300	2.236	880.140	-0.682
0.539	-0.426	19.069	4.275	2.236	881.359	-0.683
0.541	-0.432	19.056	4.251	2.236	878.922	-0.684
0.542	-0.426	19.056	4.243	2.228	876.485	-0.684
0.544	-0.432	19.032	4.218	2.244	874.048	-0.683
0.546	-0.420	19.026	4.202	2.228	874.048	-0.683
0.547	-0.426	18.995	4.193	2.236	871.611	-0.684
0.549	-0.426	18.977	4.177	2.236	870.392	-0.681
0.550	-0.426	18.953	4.161	2.244	870.392	-0.680
0.552	-0.426	18.935	4.144	2.236	866.737	-0.683
0.553	-0.426	18.904	4.120	2.244	865.519	-0.682
0.555	-0.420	18.868	4.112	2.219	865.519	-0.681
0.556	-0.420	18.855	4.095	2.236	866.737	-0.677
0.558	-0.414	18.807	4.079	2.252	869.174	-0.677
0.560	-0.414	18.795	4.046	2.244	875.266	-0.678
0.561	-0.408	18.758	4.038	2.244	882.577	-0.678
0.563	-0.408	18.837	4.013	2.236	887.451	-0.678
0.564	-0.402	18.941	4.013	2.236	888.670	-0.677
0.566	-0.414	19.026	3.989	2.244	887.451	-0.676
0.567	-0.408	19.069	3.964	2.228	885.014	-0.678
0.569	-0.402	19.099	3.964	2.244	882.577	-0.678
0.570	-0.408	19.111	3.931	2.244	882.577	-0.677
0.572	-0.396	19.166	3.923	2.236	878.922	-0.677
0.573	-0.396	19.239	3.907	2.236	877.703	-0.676
0.575	-0.396	19.306	3.899	2.236	877.703	-0.673
0.577	-0.396	19.361	3.874	2.244	876.485	-0.673
0.578	-0.396	19.391	3.866	2.244	872.829	-0.675
0.580	-0.384	19.428	3.841	2.244	874.048	-0.675
0.581	-0.390	19.446	3.833	2.244	872.829	-0.675
0.583	-0.384	19.464	3.817	2.236	871.611	-0.675
0.584	-0.390	19.464	3.800	2.244	870.392	-0.676
0.586	-0.390	19.507	3.784	2.236	867.955	-0.676
0.587	-0.377	19.543	3.776	2.244	866.737	-0.675
0.589	-0.384	19.574	3.768	2.236	865.519	-0.680
0.591	-0.384	19.610	3.735	2.236	866.737	-0.678
0.592	-0.384	19.623	3.718	2.244	874.048	-0.680
0.594	-0.371	19.623	3.710	2.244	877.703	-0.681
0.595	-0.377	19.616	3.702	2.228	886.233	-0.681
0.597	-0.377	19.610	3.677	2.236	887.451	-0.682
0.598	-0.371	19.592	3.669	2.236	885.014	-0.681
0.600	-0.365	19.580	3.653	2.236	882.577	-0.682
0.601	-0.371	19.543	3.636	2.244	882.577	-0.682
0.603	-0.371	19.562	3.620	2.260	882.577	-0.683
0.604	-0.371	19.604	3.604	2.236	888.670	-0.675
0.606	-0.365	19.623	3.595	2.228	878.922	-0.684
0.608	-0.365	19.635	3.563	2.244	877.703	-0.683
0.609	-0.359	19.641	3.555	2.244	876.485	-0.682
0.611	-0.371	19.635	3.546	2.228	874.048	-0.683
0.612	-0.359	19.616	3.538	2.252	871.611	-0.681
0.614	-0.359	19.610	3.522	2.228	872.829	-0.682
0.615	-0.359	19.574	3.514	2.236	870.392	-0.681
0.617	-0.341	19.537	3.489	2.244	866.737	-0.683
0.618	-0.347	19.513	3.473	2.236	865.519	-0.681
0.620	-0.353	19.483	3.464	2.236	866.737	-0.680
0.622	-0.353	19.434	3.440	2.228	871.611	-0.680
0.623	-0.353	19.446	3.423	2.244	865.519	-0.676
0.625	-0.347	19.489	3.423	2.244	874.048	-0.675
0.626	-0.335	19.489	3.415	2.244	880.140	-0.676
0.628	-0.353	19.489	3.399	2.236	885.014	-0.676
0.629	-0.341	19.464	3.374	2.236	887.451	-0.676
0.631	-0.347	19.452	3.358	2.236	887.451	-0.676
0.632	-0.335	19.428	3.350	2.244	885.014	-0.677
0.634	-0.341	19.403	3.333	2.236	885.014	-0.676
0.635	-0.329	19.367	3.325	2.228	883.796	-0.675
0.637	-0.335	19.324	3.317	2.236	881.359	-0.676
0.639	-0.335	19.367	3.292	2.236	880.140	-0.673
0.640	-0.335	19.391	3.284	2.244	877.703	-0.672
0.642	-0.323	19.391	3.260	2.252	877.703	-0.673
0.643	-0.329	19.367	3.251	2.236	875.266	-0.673
0.645	-0.323	19.349	3.243	2.244	872.829	-0.675
0.646	-0.323	19.318	3.235	2.236	872.829	-0.675
0.648	-0.323	19.294	3.227	2.244	870.392	-0.675
0.649	-0.323	19.269	3.202	2.244	871.611	-0.675
0.651	-0.323	19.239	3.194	2.236	867.955	-0.677
0.653	-0.317	19.227	3.161	2.244	867.955	-0.676
0.654	-0.317	19.282	3.178	2.228	861.863	-0.677
0.656	-0.317	19.269	3.145	2.244	864.300	-0.681
0.657	-0.317	19.257	3.137	2.244	871.611	-0.677
0.659	-0.317	19.227	3.129	2.236	876.485	-0.681
0.660	-0.311	19.221	3.112	2.236	882.577	-0.682
0.662	-0.304	19.184	3.096	2.236	887.451	-0.680
0.663	-0.311	19.160	3.079	2.244	886.233	-0.680
0.665	-0.317	19.142	3.071	2.244	883.796	-0.681
0.666	-0.304	19.093	3.063	2.244	882.577	-0.680
0.668	-0.304	19.142	3.030	2.236	881.359	-0.680
0.670	-0.304	19.178	3.022	2.236	880.140	-0.681
0.671	-0.311	19.160	3.014	2.236	877.703	-0.683
0.673	-0.304	19.142	3.014	2.236	876.485	-0.683
0.674	-0.298	19.129	2.989	2.236	875.266	-0.681
0.676	-0.298	19.099	2.973	2.244	875.266	-0.681
0.677	-0.292	19.087	2.957	2.244	872.829	-0.681
0.679	-0.304	19.044	2.948	2.244	871.611	-0.681
0.680	-0.298	19.026	2.940	2.252	870.392	-0.680
0.682	-0.292	19.002	2.924	2.252	867.955	-0.680
0.684	-0.286	19.069	2.916	2.244	869.174	-0.681
0.685	-0.304	19.069	2.891	2.252	865.519	-0.680
0.687	-0.292	19.050	2.883	2.244	865.519	-0.680
0.688	-0.292	19.038	2.875	2.244	867.955	-0.675
0.690	-0.292	19.020	2.858	2.252	871.611	-0.676
0.691	-0.280	19.002	2.850	2.244	878.922	-0.673
0.693	-0.286	18.977	2.834	2.244	883.796	-0.677
0.694	-0.274	18.965	2.826	2.244	887.451	-0.677
0.696	-0.280	18.922	2.801	2.252	887.451	-0.675
0.697	-0.274	18.953	2.785	2.244	885.014	-0.675
0.699	-0.274	19.014	2.776	2.244	883.796	-0.676
0.701	-0.274	19.002	2.760	2.244	882.577	-0.676
0.702	-0.475	18.995	2.768	2.269	878.922	-0.677
0.704	46.082	18.989	2.793	2.252	895.981	-0.638
0.705	49.230	18.971	2.809	2.244	856.989	-0.665
0.707	49.400	18.959	2.834	2.244	888.670	-0.671
0.708	49.437	18.922	2.867	2.244	871.611	-0.678
0.710	49.455	18.910	2.899	2.244	870.392	-0.673
0.711	49.455	18.892	2.916	2.252	875.266	-0.670
0.713	49.467	18.947	2.940	2.244	871.611	-0.675
0.715	49.461	18.959	2.965	2.252	869.174	-0.676
0.716	49.467	18.947	2.981	2.244	870.392	-0.673
0.718	49.461	18.941	3.014	2.260	869.174	-0.676
0.719	49.461	18.941	3.039	2.244	864.300	-0.673
0.721	49.461	18.916	3.063	2.252	863.082	-0.678
0.722	49.455	18.904	3.079	2.252	869.174	-0.678
0.724	49.455	18.874	3.096	2.260	874.048	-0.678
0.725	49.455	18.868	3.120	2.252	878.922	-0.678
0.727	49.455	18.849	3.145	2.252	886.233	-0.683
0.728	49.455	18.825	3.161	2.260	888.670	-0.677
0.730	49.455	18.825	3.178	2.260	886.233	-0.680
0.732	49.449	18.898	3.202	2.252	883.796	-0.680
0.733	49.443	18.904	3.219	2.260	883.796	-0.681
0.735	49.437	18.898	3.243	2.252	880.140	-0.682
0.736	49.431	18.886	3.260	2.252	878.922	-0.684
0.738	49.431	18.886	3.276	2.269	878.922	-0.682
0.739	49.431	18.868	3.292	2.260	880.140	-0.682
0.741	49.425	18.855	3.325	2.269	876.485	-0.681
0.742	49.419	18.849	3.333	2.260	872.829	-0.682
0.744	49.419	18.825	3.350	2.252	874.048	-0.680
0.746	49.419	18.813	3.366	2.260	870.392	-0.682
0.747	49.425	18.782	3.391	2.260	870.392	-0.681
0.749	49.413	18.813	3.407	2.252	867.955	-0.680
0.750	49.407	18.892	3.432	2.252	865.519	-0.680
0.752	49.400	18.892	3.423	2.260	866.737	-0.680
0.753	49.407	18.898	3.448	2.260	867.955	-0.675
0.755	49.400	18.886	3.464	2.269	869.174	-0.678
0.756	49.400	18.892	3.489	2.260	876.485	-0.673
0.758	49.394	18.874	3.514	2.260	881.359	-0.676
0.759	49.388	18.874	3.522	2.260	887.451	-0.676
0.761	49.388	18.855	3.538	2.260	888.670	-0.675
0.763	49.370	18.843	3.546	2.260	886.233	-0.673
0.764	49.382	18.843	3.579	2.252	886.233	-0.673
0.766	49.376	18.813	3.587	2.260	883.796	-0.676
0.767	49.364	18.862	3.595	2.269	881.359	-0.676
0.769	49.364	18.880	3.620	2.260	878.922	-0.676
0.770	49.370	18.880	3.645	2.252	878.922	-0.672
0.772	49.352	18.874	3.645	2.252	877.703	-0.672
0.773	49.340	18.868	3.661	2.252	877.703	-0.672
0.775	49.315	18.849	3.677	2.260	876.485	-0.673
0.777	49.333	18.849	3.702	2.260	875.266	-0.672
0.778	49.340	18.819	3.702	2.260	871.611	-0.672
0.780	49.333	18.868	3.718	2.260	871.611	-0.673
0.781	49.333	18.886	3.743	2.269	867.955	-0.676
0.783	49.327	18.874	3.759	2.269	867.955	-0.675
0.784	49.333	18.868	3.776	2.260	867.955	-0.672
0.786	49.327	18.868	3.784	2.260	864.300	-0.680
0.787	49.321	18.849	3.817	2.277	867.955	-0.678
0.789	49.315	18.837	3.833	2.269	870.392	-0.680
0.790	49.309	18.825	3.833	2.269	880.140	-0.680
0.792	49.297	18.892	3.866	2.269	885.014	-0.681
0.794	49.309	18.904	3.866	2.269	888.670	-0.680
0.795	49.303	18.910	3.890	2.252	886.233	-0.680
0.797	49.291	18.904	3.890	2.269	883.796	-0.680
0.798	49.285	18.904	3.915	2.260	882.577	-0.681
0.800	49.291	18.880	3.931	2.269	880.140	-0.682
0.801	49.285	18.892	3.931	2.260	877.703	-0.681
0.803	49.273	18.862	3.956	2.269	878.922	-0.683
0.804	49.279	18.862	3.980	2.260	877.703	-0.680
0.806	49.273	18.843	3.989	2.277	875.266	-0.681
0.808	49.266	18.922	3.997	2.269	875.266	-0.680
0.809	49.266	18.916	4.013	2.277	872.829	-0.680
0.811	49.248	18.941	4.021	2.269	869.174	-0.680
0.812	49.254	18.929	4.038	2.277	870.392	-0.681
0.814	49.248	18.935	4.062	2.260	870.392	-0.681
0.815	49.248	18.904	4.071	2.260	872.829	-0.677
0.817	49.242	18.904	4.087	2.269	864.300	-0.678
0.818	49.236	18.898	4.103	2.277	872.829	-0.680
0.820	49.236	18.874	4.112	2.269	865.519	-0.678
0.821	49.236	18.880	4.128	2.269	874.048	-0.676
0.823	49.230	18.941	4.144	2.269	878.922	-0.675
0.825	49.230	18.922	4.161	2.277	885.014	-0.676
0.826	49.224	18.929	4.177	2.269	887.451	-0.676
0.828	49.206	18.922	4.193	2.269	887.451	-0.676
0.829	49.212	18.910	4.202	2.277	886.233	-0.676
0.831	49.199	18.904	4.218	2.285	883.796	-0.677
0.832	49.206	18.880	4.234	2.269	882.577	-0.675
0.834	49.193	18.910	4.243	2.269	880.140	-0.676
0.835	49.193	18.989	4.259	2.269	881.359	-0.675
0.837	49.199	18.995	4.275	2.269	877.703	-0.673
0.839	49.187	19.008	4.284	2.277	876.485	-0.675
0.840	49.193	18.995	4.300	2.285	877.703	-0.673
0.842	49.187	19.014	4.308	2.277	874.048	-0.675
0.843	49.181	19.002	4.333	2.269	872.829	-0.675
0.845	49.175	18.983	4.349	2.277	871.611	-0.673
0.846	49.169	18.983	4.349	2.277	870.392	-0.676
0.848	49.169	18.965	4.365	2.277	867.955	-0.675
0.849	49.163	18.959	4.374	2.277	867.955	-0.675
0.851	49.157	18.935	4.398	2.285	861.863	-0.677
0.852	49.157	18.971	4.423	2.277	864.300	-0.680
0.854	49.151	19.050	4.431	2.269	870.392	-0.680
0.856	49.145	19.056	4.439	2.285	876.485	-0.681
0.857	49.151	19.075	4.447	2.277	882.577	-0.681
0.859	49.145	19.056	4.472	2.285	887.451	-0.681
0.860	49.139	19.062	4.472	2.277	886.233	-0.681
0.862	49.139	19.050	4.488	2.277	886.233	-0.682
0.863	49.120	19.044	4.505	2.285	883.796	-0.681
0.865	49.126	19.044	4.521	2.277	880.140	-0.681
0.866	49.126	19.014	4.537	2.285	880.140	-0.682
0.868	49.126	19.014	4.537	2.293	877.703	-0.682
0.870	49.114	18.971	4.562	2.285	878.922	-0.682
0.871	49.108	19.044	4.570	2.285	876.485	-0.683
0.873	49.108	19.105	4.595	2.277	874.048	-0.682
0.874	49.096	19.099	4.595	2.277	872.829	-0.681
0.876	49.096	19.111	4.619	2.277	871.611	-0.681
0.877	49.090	19.099	4.636	2.277	870.392	-0.681
0.879	49.096	19.099	4.652	2.277	870.392	-0.682
0.880	49.096	19.093	4.652	2.277	869.174	-0.680
0.882	49.084	19.075	4.677	2.285	866.737	-0.682
0.883	49.084	19.062	4.669	2.285	866.737	-0.680
0.885	49.072	19.038	4.693	2.285	864.300	-0.677
0.887	49.078	19.117	4.718	2.269	871.611	-0.677
0.888	49.072	19.136	4.726	2.293	877.703	-0.677
0.890	49.066	19.142	4.734	2.285	881.359	-0.678
0.891	49.059	19.136	4.750	2.293	887.451	-0.676
0.893	49.066	19.123	4.759	2.285	886.233	-0.678
0.894	49.053	19.105	4.783	2.285	887.451	-0.677
0.896	49.053	19.111	4.783	2.277	885.014	-0.678
0.897	48.432	19.069	4.783	2.285	906.947	-0.661
0.899	1.973	19.069	4.767	2.293	904.510	-0.680
0.901	-0.311	19.050	4.726	2.301	803.376	-0.691
0.902	-0.420	19.142	4.709	2.285	876.485	-0.667
0.904	-0.432	19.166	4.685	2.285	886.233	-0.667
0.905	-0.444	19.178	4.669	2.285	874.048	-0.673
0.907	-0.457	19.166	4.636	2.285	870.392	-0.673
0.908	-0.451	19.166	4.619	2.285	876.485	-0.670
0.910	-0.451	19.148	4.587	2.293	870.392	-0.672
0.911	-0.451	19.160	4.570	2.301	871.611	-0.671
0.913	-0.451	19.129	4.537	2.285	867.955	-0.673
0.914	-0.457	19.184	4.513	2.293	870.392	-0.673
0.916	-0.457	19.209	4.505	2.285	866.737	-0.672
0.918	-0.451	19.215	4.472	2.277	865.519	-0.676
0.919	-0.444	19.196	4.447	2.285	866.737	-0.677
0.921	-0.451	19.202	4.431	2.277	875.266	-0.678
0.922	-0.438	19.172	4.406	2.277	880.140	-0.678
0.924	-0.444	19.166	4.398	2.293	886.233	-0.678
0.925	-0.438	19.160	4.382	2.285	885.014	-0.678
0.927	-0.432	19.233	4.365	2.285	885.014	-0.680
0.928	-0.438	19.233	4.333	2.285	883.796	-0.681
0.930	-0.438	19.233	4.316	2.293	883.796	-0.681
0.932	-0.438	19.221	4.308	2.293	880.140	-0.680
0.933	-0.432	19.227	4.284	2.293	882.577	-0.682
0.935	-0.432	19.202	4.267	2.293	877.703	-0.681
0.936	-0.432	19.202	4.251	2.293	876.485	-0.681
0.938	-0.432	19.172	4.243	2.285	874.048	-0.680
0.939	-0.426	19.154	4.210	2.293	872.829	-0.678
0.941	-0.420	19.160	4.202	2.293	874.048	-0.678
0.942	-0.426	19.269	4.185	2.285	872.829	-0.678
0.944	-0.420	19.306	4.169	2.301	870.392	-0.678
0.945	-0.414	19.306	4.144	2.277	867.955	-0.678
0.947	-0.420	19.312	4.128	2.293	866.737	-0.678
0.949	-0.414	19.312	4.112	2.285	866.737	-0.678
0.950	-0.408	19.300	4.095	2.293	869.174	-0.675
0.952	-0.414	19.306	4.079	2.293	867.955	-0.678
0.953	-0.426	19.282	4.054	2.293	876.485	-0.675
0.955	-0.414	19.269	4.054	2.285	880.140	-0.676
0.956	-0.414	19.251	4.038	2.293	886.233	-0.673
0.958	-0.408	19.221	4.013	2.285	886.233	-0.676
0.959	-0.402	19.239	3.997	2.285	887.451	-0.673
0.961	-0.408	19.318	3.980	2.285	885.014	-0.673
0.963	-0.408	19.318	3.964	2.293	882.577	-0.673
0.964	-0.402	19.330	3.948	2.285	881.359	-0.675
0.966	-0.396	19.312	3.931	2.277	883.796	-0.675
0.967	-0.402	19.312	3.915	2.301	878.922	-0.672
0.969	-0.402	19.288	3.899	2.293	877.703	-0.673
0.970	-0.390	19.263	3.882	2.293	876.485	-0.672
0.972	-0.402	19.282	3.866	2.293	875.266	-0.672
0.973	-0.396	19.367	3.841	2.293	874.048	-0.672
0.975	-0.396	19.367	3.833	2.285	871.611	-0.673
0.976	-0.396	19.367	3.800	2.293	870.392	-0.672
0.978	-0.377	19.349	3.800	2.285	870.392	-0.672
0.980	-0.390	19.355	3.792	2.285	869.174	-0.673
0.981	-0.384	19.330	3.776	2.285	866.737	-0.673
0.983	-0.377	19.318	3.759	2.285	865.519	-0.675
0.984	-0.384	19.300	3.735	2.277	867.955	-0.677
0.986	-0.377	19.269	3.735	2.285	871.611	-0.680
0.987	-0.377	19.300	3.718	2.285	878.922	-0.678
0.989	-0.377	19.391	3.694	2.293	883.796	-0.680
0.990	-0.365	19.397	3.686	2.285	887.451	-0.678
0.992	-0.371	19.409	3.669	2.277	885.014	-0.678
0.994	-0.365	19.391	3.653	2.293	883.796	-0.680
0.995	-0.365	19.391	3.645	2.293	883.796	-0.680
0.997	-0.371	19.379	3.628	2.293	881.359	-0.677
0.998	-0.371	19.361	3.604	2.293	876.485	-0.683
1.000	-0.365	19.349	3.587	2.293	877.703	-0.683
1.001	-0.359	19.306	3.579	2.301	876.485	-0.681
1.003	-0.353	19.349	3.579	2.301	876.485	-0.681
1.004	-0.353	19.422	3.555	2.285	874.048	-0.683
1.006	-0.371	19.428	3.538	2.285	874.048	-0.680
1.007	-0.359	19.428	3.530	2.285	871.611	-0.680
1.009	-0.353	19.416	3.514	2.293	869.174	-0.681
1.011	-0.347	19.416	3.497	2.293	867.955	-0.680
1.012	-0.347	19.403	3.489	2.293	867.955	-0.678
1.014	-0.353	19.373	3.456	2.310	866.737	-0.680
1.015	-0.341	19.361	3.448	2.285	872.829	-0.677
1.017	-0.347	19.330	3.440	2.285	867.955	-0.675
1.018	-0.341	19.379	3.423	2.293	874.048	-0.676
1.020	-0.335	19.428	3.415	2.285	878.922	-0.675
1.021	-0.347	19.428	3.391	2.277	887.451	-0.673
1.023	-0.347	19.428	3.383	2.285	887.451	-0.676
1.025	-0.347	19.416	3.366	2.285	886.233	-0.673
1.026	-0.341	19.391	3.342	2.285	886.233	-0.675
1.028	-0.341	19.397	3.333	2.285	883.796	-0.675
1.029	-0.335	19.355	3.325	2.277	883.796	-0.676
1.031	-0.335	19.409	3.309	2.301	881.359	-0.675
1.032	-0.335	19.452	3.292	2.301	880.140	-0.672
1.034	-0.329	19.452	3.276	2.285	878.922	-0.672
1.035	-0.335	19.446	3.268	2.293	877.703	-0.670
1.037	-0.329	19.446	3.260	2.293	875.266	-0.671
1.038	-0.329	19.416	3.243	2.293	875.266	-0.673
1.040	-0.329	19.403	3.227	2.293	872.829	-0.671
1.042	-0.317	19.379	3.219	2.285	871.611	-0.672
1.043	-0.323	19.434	3.202	2.277	870.392	-0.672
1.045	-0.335	19.476	3.194	2.293	867.955	-0.672
1.046	-0.323	19.476	3.178	2.301	866.737	-0.672
1.048	-0.323	19.470	3.153	2.285	861.863	-0.672
1.049	-0.311	19.464	3.145	2.285	865.519	-0.677
1.051	-0.317	19.446	3.137	2.285	871.611	-0.677
1.052	-0.311	19.434	3.112	2.285	876.485	-0.678
1.054	-0.317	19.391	3.104	2.293	883.796	-0.680
1.056	-0.317	19.379	3.096	2.293	887.451	-0.678
1.057	-0.304	19.367	3.079	2.293	887.451	-0.677
1.059	-0.304	19.446	3.063	2.277	887.451	-0.677
1.060	-0.304	19.483	3.047	2.293	883.796	-0.677
1.062	-0.304	19.489	3.039	2.285	882.577	-0.677
1.063	-0.298	19.489	3.030	2.293	881.359	-0.678
1.065	-0.304	19.476	3.014	2.285	878.922	-0.682
1.066	-0.304	19.470	2.998	2.285	877.703	-0.680
1.068	-0.311	19.458	2.989	2.293	876.485	-0.678
1.069	-0.298	19.434	2.981	2.293	874.048	-0.678
1.071	-0.298	19.403	2.965	2.293	872.829	-0.678
1.073	-0.286	19.403	2.965	2.293	871.611	-0.678
1.074	-0.292	19.470	2.932	2.285	871.611	-0.677
1.076	-0.292	19.501	2.916	2.285	870.392	-0.677
1.077	-0.292	19.501	2.899	2.285	869.174	-0.677
1.079	-0.292	19.495	2.883	2.285	867.955	-0.678
1.080	-0.286	19.489	2.875	2.269	866.737	-0.677
1.082	-0.286	19.470	2.875	2.301	866.737	-0.671
1.083	-0.280	19.464	2.858	2.285	872.829	-0.675
1.085	-0.280	19.434	2.842	2.277	876.485	-0.675
1.087	-0.280	19.403	2.834	2.285	885.014	-0.672
1.088	-0.274	19.416	2.817	2.285	888.670	-0.673
1.090	-0.274	19.489	2.793	2.293	886.233	-0.672
1.091	-0.280	19.501	2.785	2.277	886.233	-0.673
1.093	-0.280	19.501	2.768	2.285	885.014	-0.672
1.094	-0.280	19.501	2.760	2.293	885.014	-0.672
1.096	-0.274	19.483	2.752	2.285	882.577	-0.671
1.097	37.644	19.470	2.785	2.285	1109.215	-0.689
1.099	48.840	19.525	2.793	2.285	811.905	-0.671
1.100	49.358	19.525	2.809	2.285	859.426	-0.673
1.102	49.419	19.513	2.842	2.285	881.359	-0.665
1.104	49.455	19.501	2.875	2.285	880.140	-0.669
1.105	49.449	19.495	2.899	2.285	870.392	-0.671
1.107	49.455	19.464	2.932	2.285	871.611	-0.670
1.108	49.449	19.440	2.948	2.277	872.829	-0.670
1.110	49.461	19.452	2.981	2.285	869.174	-0.672
1.111	49.461	19.531	2.998	2.285	867.955	-0.671
1.113	49.461	19.562	3.030	2.285	865.519	-0.671
1.114	49.461	19.562	3.039	2.285	864.300	-0.675
1.116	49.455	19.556	3.071	2.285	869.174	-0.675
