Time (ms)	Ch1 V	Ch2 V	Ch1 A	Ch2 A	RPM	Torque
0.000	15.464	17.394	3.972	2.097	869.174	-0.583
0.002	0.353	17.419	4.005	2.105	748.544	-0.627
0.003	-0.329	17.394	3.980	2.113	807.031	-0.611
0.005	-0.365	17.406	3.964	2.097	804.594	-0.622
0.006	-0.359	17.406	3.940	2.105	793.628	-0.622
0.008	-0.377	17.406	3.907	2.113	796.065	-0.619
0.009	-0.390	17.394	3.899	2.105	797.283	-0.617
0.011	-0.384	17.498	3.874	2.097	793.628	-0.620
0.012	-0.377	17.546	3.866	2.097	791.191	-0.617
0.014	-0.377	17.553	3.833	2.105	791.191	-0.617
0.015	-0.377	17.589	3.817	2.105	791.191	-0.619
0.017	-0.377	17.601	3.800	2.113	788.754	-0.616
0.019	-0.390	17.626	3.784	2.113	787.536	-0.617
0.020	-0.384	17.644	3.768	2.105	786.317	-0.619
0.022	-0.384	17.656	3.751	2.105	786.317	-0.619
0.023	-0.384	17.662	3.743	2.105	783.880	-0.620
0.025	-0.377	17.668	3.718	2.097	783.880	-0.619
0.026	-0.384	17.668	3.694	2.097	780.225	-0.622
0.028	-0.371	17.680	3.677	2.113	780.225	-0.625
0.029	-0.365	17.674	3.661	2.113	783.880	-0.622
0.031	-0.371	17.674	3.636	2.097	791.191	-0.625
0.033	-0.359	17.674	3.628	2.097	797.283	-0.627
0.034	-0.365	17.668	3.620	2.105	803.376	-0.626
0.036	-0.371	17.680	3.595	2.105	803.376	-0.626
0.037	-0.365	17.662	3.587	2.097	802.157	-0.626
0.039	-0.371	17.656	3.571	2.097	800.939	-0.626
0.040	-0.365	17.644	3.555	2.105	798.502	-0.626
0.042	-0.365	17.650	3.538	2.105	798.502	-0.627
0.043	-0.353	17.632	3.530	2.113	794.846	-0.626
0.045	-0.353	17.668	3.514	2.097	802.157	-0.622
0.046	-0.353	17.741	3.497	2.105	793.628	-0.631
0.048	-0.347	17.760	3.481	2.113	792.409	-0.630
0.050	28.432	17.772	3.538	2.113	1027.577	-0.578
0.051	43.440	17.778	3.505	2.105	741.233	-0.620
0.053	44.177	17.796	3.538	2.097	772.914	-0.634
0.054	44.231	17.802	3.546	2.105	781.443	-0.625
0.056	44.256	17.808	3.579	2.097	791.191	-0.625
0.057	44.268	17.802	3.604	2.113	785.099	-0.627
0.059	44.274	17.808	3.620	2.097	780.225	-0.627
0.060	44.274	17.802	3.645	2.088	782.662	-0.625
0.062	44.274	17.796	3.653	2.097	781.443	-0.626
0.064	44.274	17.790	3.686	2.097	787.536	-0.626
0.065	44.286	17.784	3.694	2.105	782.662	-0.623
0.067	44.274	17.778	3.710	2.088	789.973	-0.621
0.068	44.274	17.760	3.735	2.105	796.065	-0.625
0.070	44.274	17.778	3.743	2.105	802.157	-0.622
0.071	44.262	17.808	3.768	2.097	803.376	-0.623
0.073	44.268	17.814	3.776	2.105	803.376	-0.623
0.074	44.262	17.820	3.800	2.097	802.157	-0.622
0.076	44.274	17.820	3.825	2.088	800.939	-0.623
0.077	44.262	17.820	3.849	2.088	799.720	-0.623
0.079	44.262	17.814	3.858	2.088	799.720	-0.622
0.081	44.268	17.814	3.866	2.088	797.283	-0.625
0.082	44.262	17.802	3.874	2.088	796.065	-0.622
0.084	44.244	17.790	3.890	2.105	794.846	-0.619
0.085	44.250	17.790	3.915	2.105	792.409	-0.623
0.087	44.250	17.839	3.931	2.097	792.409	-0.621
0.088	44.256	17.845	3.940	2.105	789.973	-0.621
0.090	44.244	17.845	3.948	2.088	788.754	-0.622
0.091	44.238	17.845	3.972	2.097	787.536	-0.622
0.093	44.244	17.845	3.989	2.097	786.317	-0.625
0.095	44.238	17.827	4.013	2.097	786.317	-0.626
0.096	44.238	17.820	4.013	2.097	785.099	-0.623
0.098	44.213	17.820	4.021	2.088	783.880	-0.623
0.099	43.897	17.796	4.046	2.088	789.973	-0.614
0.101	1.869	17.790	4.013	2.097	791.191	-0.641
0.102	-0.244	17.778	3.997	2.088	743.670	-0.636
0.104	-0.353	17.790	3.980	2.088	787.536	-0.621
0.105	-0.359	17.833	3.964	2.097	803.376	-0.621
0.107	-0.384	17.845	3.931	2.097	805.813	-0.628
0.108	-0.390	17.857	3.923	2.080	798.502	-0.627
0.110	-0.390	17.863	3.890	2.097	802.157	-0.625
0.112	-0.377	17.863	3.866	2.105	800.939	-0.627
0.113	-0.377	17.845	3.849	2.105	798.502	-0.627
0.115	-0.377	17.845	3.825	2.088	797.283	-0.625
0.116	-0.390	17.845	3.817	2.097	794.846	-0.626
0.118	-0.377	17.833	3.808	2.097	794.846	-0.631
0.119	-0.390	17.827	3.776	2.088	792.409	-0.630
0.121	-0.377	17.881	3.751	2.088	792.409	-0.628
0.122	-0.384	17.900	3.743	2.097	791.191	-0.628
0.124	-0.377	17.893	3.718	2.097	791.191	-0.628
0.126	-0.384	17.900	3.710	2.105	789.973	-0.627
0.127	-0.377	17.906	3.694	2.088	788.754	-0.627
0.129	-0.377	17.893	3.677	2.088	786.317	-0.626
0.130	-0.365	17.893	3.669	2.097	785.099	-0.630
0.132	-0.371	17.875	3.645	2.105	785.099	-0.628
0.133	-0.377	17.869	3.636	2.105	783.880	-0.628
0.135	-0.365	17.863	3.604	2.088	781.443	-0.628
0.136	-0.365	17.845	3.595	2.080	783.880	-0.626
0.138	-0.365	17.833	3.579	2.088	785.099	-0.625
0.139	-0.371	17.814	3.571	2.088	789.973	-0.623
0.141	-0.359	17.814	3.563	2.088	796.065	-0.622
0.143	-0.359	17.869	3.522	2.080	805.813	-0.623
0.144	-0.353	17.887	3.530	2.088	804.594	-0.625
0.146	-0.359	17.900	3.514	2.088	802.157	-0.625
0.147	-0.365	17.906	3.497	2.080	800.939	-0.623
0.149	-0.079	17.912	3.489	2.080	782.662	-0.641
0.150	41.827	17.893	3.497	2.097	800.939	-0.610
0.152	44.104	17.900	3.530	2.088	786.317	-0.611
0.153	44.225	17.887	3.555	2.080	802.157	-0.622
0.155	44.256	17.887	3.571	2.088	788.754	-0.622
0.157	44.262	17.869	3.587	2.097	794.846	-0.620
0.158	44.268	17.857	3.620	2.080	796.065	-0.620
0.160	44.268	17.845	3.645	2.072	791.191	-0.622
0.161	44.268	17.887	3.661	2.097	788.754	-0.623
0.163	44.274	17.887	3.686	2.080	789.973	-0.622
0.164	44.274	17.893	3.702	2.088	787.536	-0.622
0.166	44.274	17.887	3.710	2.080	786.317	-0.622
0.167	44.280	17.887	3.727	2.088	785.099	-0.622
0.169	44.274	17.869	3.751	2.080	785.099	-0.621
0.170	44.262	17.863	3.776	2.080	783.880	-0.623
0.172	44.274	17.845	3.784	2.088	776.569	-0.626
0.174	44.274	17.827	3.808	2.088	780.225	-0.627
0.175	44.274	17.820	3.817	2.088	785.099	-0.630
0.177	44.268	17.802	3.841	2.072	793.628	-0.630
0.178	44.274	17.802	3.849	2.097	799.720	-0.628
0.180	44.268	17.851	3.882	2.080	804.594	-0.630
0.181	44.268	17.863	3.882	2.088	803.376	-0.631
0.183	44.256	17.869	3.907	2.088	800.939	-0.631
0.184	44.256	17.863	3.923	2.088	799.720	-0.631
0.186	44.262	17.875	3.931	2.080	799.720	-0.630
0.188	44.250	17.869	3.948	2.080	798.502	-0.632
0.189	44.250	17.857	3.964	2.072	797.283	-0.632
0.191	44.244	17.839	3.980	2.097	793.628	-0.633
0.192	44.244	17.839	3.997	2.080	793.628	-0.633
0.194	44.238	17.833	4.013	2.088	791.191	-0.634
0.195	44.238	17.875	4.030	2.072	791.191	-0.632
0.197	44.231	17.887	4.030	2.088	791.191	-0.633
0.198	44.231	17.900	4.046	2.088	787.536	-0.633
0.200	7.209	17.881	4.030	2.088	899.636	-0.583
0.201	-0.043	17.887	4.013	2.080	721.737	-0.620
0.203	-0.353	17.881	3.989	2.080	791.191	-0.630
0.205	-0.365	17.881	3.964	2.097	777.788	-0.630
0.206	-0.377	17.869	3.948	2.072	785.099	-0.625
0.208	-0.390	17.863	3.923	2.088	782.662	-0.626
0.209	-0.396	17.839	3.899	2.080	782.662	-0.623
0.211	-0.377	17.827	3.890	2.088	787.536	-0.623
0.212	-0.390	17.820	3.866	2.080	792.409	-0.623
0.214	-0.384	17.875	3.849	2.088	799.720	-0.625
0.215	-0.384	17.881	3.841	2.088	804.594	-0.623
0.217	-0.384	17.887	3.817	2.080	803.376	-0.622
0.219	-0.377	17.893	3.800	2.080	803.376	-0.621
0.220	-0.377	17.893	3.784	2.080	800.939	-0.623
0.222	-0.384	17.875	3.768	2.080	799.720	-0.625
0.223	-0.384	17.881	3.751	2.072	798.502	-0.623
0.225	-0.384	17.857	3.718	2.080	798.502	-0.623
0.226	-0.371	17.857	3.710	2.072	798.502	-0.623
0.228	-0.371	17.839	3.702	2.080	796.065	-0.622
0.229	-0.377	17.881	3.686	2.080	794.846	-0.622
0.231	-0.371	17.893	3.669	2.072	792.409	-0.623
0.232	-0.371	17.893	3.636	2.080	789.973	-0.622
0.234	-0.371	17.893	3.636	2.072	788.754	-0.623
0.236	-0.359	17.887	3.612	2.064	789.973	-0.621
0.237	-0.365	17.875	3.595	2.072	787.536	-0.622
0.239	-0.365	17.869	3.579	2.072	786.317	-0.622
0.240	-0.359	17.863	3.579	2.072	785.099	-0.623
0.242	-0.365	17.839	3.546	2.088	786.317	-0.622
0.243	-0.365	17.827	3.538	2.080	781.443	-0.623
0.245	-0.359	17.802	3.522	2.072	779.006	-0.628
0.246	-0.365	17.790	3.514	2.072	785.099	-0.628
0.248	-0.359	17.766	3.489	2.080	789.973	-0.627
0.250	36.524	17.790	3.505	2.072	867.955	-0.691
0.251	43.866	17.827	3.522	2.080	743.670	-0.633
0.253	44.189	17.839	3.555	2.080	796.065	-0.626
0.254	44.238	17.857	3.571	2.072	809.468	-0.625
0.256	44.256	17.857	3.595	2.080	803.376	-0.630
0.257	44.262	17.857	3.620	2.072	797.283	-0.631
0.259	44.268	17.851	3.636	2.080	799.720	-0.626
0.260	44.262	17.845	3.653	2.080	797.283	-0.630
0.262	44.268	17.839	3.677	2.080	796.065	-0.630
0.263	44.268	17.827	3.702	2.072	793.628	-0.633
0.265	44.268	17.814	3.718	2.072	792.409	-0.630
0.267	44.280	17.808	3.743	2.080	792.409	-0.631
0.268	44.268	17.808	3.751	2.080	789.973	-0.631
0.270	44.268	17.851	3.768	2.072	791.191	-0.631
0.271	44.268	17.875	3.792	2.064	787.536	-0.631
0.273	44.268	17.893	3.800	2.072	786.317	-0.631
0.274	44.262	17.893	3.817	2.072	786.317	-0.630
0.276	44.262	17.906	3.833	2.072	783.880	-0.631
0.277	44.256	17.900	3.841	2.072	783.880	-0.631
0.279	44.262	17.906	3.866	2.080	781.443	-0.630
0.281	44.256	17.881	3.890	2.072	786.317	-0.631
0.282	44.256	17.881	3.899	2.072	782.662	-0.628
0.284	44.256	17.863	3.907	2.080	787.536	-0.630
0.285	44.250	17.845	3.940	2.072	793.628	-0.627
0.287	44.250	17.845	3.948	2.072	799.720	-0.627
0.288	44.250	17.820	3.972	2.080	805.813	-0.627
0.290	44.238	17.808	3.980	2.064	804.594	-0.627
0.291	44.250	17.778	3.997	2.072	804.594	-0.626
0.293	44.244	17.784	3.997	2.072	800.939	-0.628
0.294	44.238	17.839	4.021	2.072	800.939	-0.628
0.296	44.231	17.863	4.030	2.064	798.502	-0.628
0.298	44.219	17.863	4.054	2.080	798.502	-0.627
0.299	25.090	17.900	3.980	2.039	769.258	-0.724
0.301	0.743	17.875	4.038	2.072	774.132	-0.614
0.302	-0.317	17.869	4.005	2.072	775.351	-0.621
0.304	-0.353	17.875	3.980	2.072	798.502	-0.617
0.305	-0.365	17.845	3.972	2.072	789.973	-0.623
0.307	-0.384	17.845	3.931	2.056	785.099	-0.622
0.308	-0.396	17.833	3.923	2.064	789.973	-0.620
0.310	-0.390	17.808	3.899	2.072	789.973	-0.622
0.312	-0.377	17.820	3.874	2.080	786.317	-0.623
0.313	-0.384	17.851	3.849	2.072	786.317	-0.622
0.315	-0.384	17.869	3.841	2.064	783.880	-0.622
0.316	-0.402	17.869	3.825	2.072	782.662	-0.623
0.318	-0.384	17.875	3.800	2.072	780.225	-0.627
0.319	-0.384	17.869	3.784	2.072	785.099	-0.628
0.321	-0.384	17.857	3.776	2.064	792.409	-0.627
0.322	-0.384	17.845	3.759	2.072	797.283	-0.628
0.324	-0.377	17.839	3.743	2.056	804.594	-0.627
0.325	-0.384	17.820	3.718	2.064	804.594	-0.626
0.327	-0.377	17.808	3.710	2.072	802.157	-0.630
0.329	-0.371	17.784	3.686	2.064	802.157	-0.628
0.330	-0.377	17.784	3.677	2.064	800.939	-0.630
0.332	-0.371	17.851	3.653	2.064	798.502	-0.628
0.333	-0.371	17.857	3.645	2.072	797.283	-0.632
0.335	-0.371	17.869	3.620	2.072	803.376	-0.626
0.336	-0.365	17.875	3.620	2.064	793.628	-0.633
0.338	-0.365	17.869	3.604	2.072	793.628	-0.632
0.339	-0.365	17.869	3.579	2.072	791.191	-0.631
0.341	-0.371	17.869	3.563	2.064	789.973	-0.632
0.343	-0.365	17.851	3.555	2.072	788.754	-0.632
0.344	-0.359	17.839	3.530	2.072	788.754	-0.632
0.346	-0.359	17.833	3.522	2.072	786.317	-0.630
0.347	-0.359	17.802	3.505	2.072	786.317	-0.628
0.349	19.087	17.796	3.555	2.088	1003.207	-0.542
0.350	43.002	17.851	3.522	2.064	737.578	-0.634
0.352	44.164	17.869	3.555	2.072	781.443	-0.630
0.353	44.231	17.875	3.563	2.064	777.788	-0.633
0.355	44.250	17.869	3.595	2.072	782.662	-0.625
0.356	44.268	17.869	3.620	2.072	792.409	-0.623
0.358	44.268	17.863	3.628	2.072	797.283	-0.627
0.360	44.268	17.869	3.661	2.072	799.720	-0.625
0.361	44.262	17.851	3.686	2.064	804.594	-0.626
0.363	44.274	17.845	3.710	2.056	804.594	-0.627
0.364	44.274	17.820	3.718	2.056	800.939	-0.626
0.366	44.280	17.802	3.735	2.056	803.376	-0.627
0.367	44.274	17.808	3.751	2.056	800.939	-0.627
0.369	44.268	17.851	3.768	2.064	798.502	-0.626
0.370	44.274	17.857	3.792	2.056	797.283	-0.626
0.372	44.262	17.869	3.800	2.064	796.065	-0.625
0.374	44.268	17.869	3.817	2.064	794.846	-0.626
0.375	44.262	17.863	3.849	2.064	794.846	-0.625
0.377	44.262	17.857	3.849	2.056	791.191	-0.625
0.378	44.256	17.845	3.874	2.072	789.973	-0.627
0.380	44.250	17.839	3.882	2.056	788.754	-0.627
0.381	44.256	17.827	3.907	2.056	788.754	-0.627
0.383	44.256	17.808	3.915	2.064	787.536	-0.626
0.384	44.256	17.790	3.931	2.064	785.099	-0.627
0.386	44.250	17.802	3.948	2.064	783.880	-0.628
0.387	44.244	17.845	3.956	2.056	785.099	-0.626
0.389	44.250	17.851	3.980	2.072	777.788	-0.628
0.391	44.244	17.857	3.989	2.064	781.443	-0.632
0.392	44.238	17.851	4.005	2.064	786.317	-0.632
0.394	44.225	17.863	4.013	2.064	789.973	-0.633
0.395	44.231	17.857	4.038	2.072	798.502	-0.632
0.397	44.225	17.845	4.054	2.064	805.813	-0.632
0.398	44.225	17.827	4.071	2.064	802.157	-0.633
0.400	3.233	17.808	4.062	2.056	872.829	-0.655
0.401	-0.195	17.808	4.030	2.056	768.040	-0.628
0.403	-0.353	17.784	3.997	2.056	785.099	-0.636
0.405	-0.377	17.790	3.972	2.064	797.283	-0.627
0.406	-0.377	17.833	3.940	2.064	799.720	-0.628
0.408	-0.390	17.833	3.940	2.056	792.409	-0.633
0.409	-0.384	17.845	3.907	2.056	792.409	-0.632
0.411	-0.377	17.845	3.882	2.064	796.065	-0.631
0.412	-0.377	17.845	3.866	2.064	792.409	-0.633
0.414	-0.396	17.827	3.849	2.056	791.191	-0.630
0.415	-0.384	17.833	3.833	2.064	788.754	-0.628
0.417	-0.390	17.814	3.817	2.056	786.317	-0.631
0.418	-0.384	17.802	3.800	2.056	786.317	-0.631
0.420	-0.384	17.790	3.784	2.056	786.317	-0.631
0.422	-0.390	17.760	3.759	2.064	786.317	-0.628
0.423	-0.377	17.778	3.751	2.064	782.662	-0.628
0.425	-0.384	17.827	3.735	2.064	781.443	-0.630
0.426	-0.377	17.827	3.710	2.064	782.662	-0.626
0.428	-0.377	17.833	3.694	2.064	786.317	-0.628
0.429	-0.371	17.839	3.677	2.047	791.191	-0.627
0.431	-0.365	17.845	3.669	2.056	799.720	-0.623
0.432	-0.371	17.827	3.653	2.064	804.594	-0.627
0.434	-0.377	17.833	3.628	2.056	805.813	-0.626
0.436	-0.365	17.814	3.620	2.064	802.157	-0.626
0.437	-0.371	17.808	3.595	2.056	800.939	-0.627
0.439	-0.365	17.784	3.587	2.056	802.157	-0.627
0.440	-0.359	17.772	3.579	2.064	799.720	-0.627
0.442	-0.359	17.760	3.571	2.056	797.283	-0.627
0.443	-0.359	17.729	3.546	2.064	797.283	-0.627
0.445	-0.359	17.747	3.522	2.064	794.846	-0.623
0.446	-0.359	17.784	3.505	2.047	793.628	-0.625
0.448	-0.481	17.808	3.505	2.056	794.846	-0.627
0.449	40.432	17.814	3.514	2.056	807.031	-0.598
0.451	44.037	17.833	3.538	2.056	741.233	-0.623
0.453	44.207	17.827	3.563	2.064	798.502	-0.619
0.454	44.244	17.827	3.587	2.056	788.754	-0.628
0.456	44.256	17.820	3.612	2.056	783.880	-0.630
0.457	44.262	17.820	3.636	2.056	786.317	-0.625
0.459	44.268	17.814	3.653	2.064	786.317	-0.626
0.460	44.262	17.796	3.677	2.056	783.880	-0.625
0.462	44.268	17.778	3.694	2.072	779.006	-0.631
0.463	44.268	17.766	3.710	2.064	782.662	-0.630
0.465	44.268	17.723	3.735	2.039	787.536	-0.632
0.467	44.268	17.747	3.743	2.056	796.065	-0.631
0.468	44.262	17.766	3.759	2.047	800.939	-0.631
0.470	44.268	17.772	3.776	2.047	804.594	-0.631
0.471	44.268	17.778	3.800	2.047	803.376	-0.633
0.473	44.268	17.772	3.817	2.056	802.157	-0.633
0.474	44.262	17.753	3.833	2.056	798.502	-0.634
0.476	44.268	17.760	3.841	2.047	799.720	-0.634
0.477	44.256	17.741	3.858	2.056	798.502	-0.634
0.479	44.262	17.729	3.882	2.056	796.065	-0.634
0.480	44.256	17.699	3.899	2.064	794.846	-0.638
0.482	44.256	17.729	3.899	2.064	793.628	-0.636
0.484	44.250	17.753	3.923	2.047	791.191	-0.634
0.485	44.250	17.753	3.948	2.056	791.191	-0.636
0.487	44.256	17.772	3.956	2.056	788.754	-0.633
0.488	44.250	17.766	3.972	2.047	788.754	-0.633
0.490	44.244	17.760	3.997	2.056	786.317	-0.634
0.491	44.250	17.753	3.997	2.056	786.317	-0.636
0.493	44.231	17.741	4.013	2.047	786.317	-0.634
0.494	44.225	17.735	4.038	2.056	783.880	-0.634
0.496	44.231	17.717	4.046	2.056	782.662	-0.633
0.498	44.219	17.711	4.054	2.056	781.443	-0.633
0.499	11.129	17.686	4.005	2.056	815.561	-0.597
0.501	0.152	17.705	4.030	2.047	720.519	-0.630
0.502	-0.341	17.753	4.013	2.064	805.813	-0.619
0.504	-0.371	17.772	3.989	2.064	800.939	-0.631
0.505	-0.377	17.790	3.972	2.056	800.939	-0.628
0.507	-0.390	17.778	3.940	2.064	807.031	-0.626
0.508	-0.384	17.784	3.915	2.056	805.813	-0.627
0.510	-0.384	17.778	3.907	2.056	800.939	-0.627
0.511	-0.384	17.784	3.882	2.047	800.939	-0.627
0.513	-0.384	17.772	3.874	2.056	799.720	-0.627
0.515	-0.390	17.760	3.841	2.056	798.502	-0.627
0.516	-0.390	17.741	3.817	2.047	797.283	-0.626
0.518	-0.384	17.729	3.800	2.056	797.283	-0.625
0.519	-0.377	17.717	3.792	2.047	793.628	-0.626
0.521	-0.390	17.693	3.768	2.064	793.628	-0.625
0.522	-0.384	17.711	3.759	2.056	791.191	-0.626
0.524	-0.384	17.747	3.743	2.047	789.973	-0.627
0.525	-0.377	17.760	3.718	2.047	789.973	-0.625
0.527	-0.371	17.778	3.702	2.047	788.754	-0.627
0.529	-0.377	17.778	3.702	2.056	786.317	-0.626
0.530	-0.371	17.778	3.686	2.056	786.317	-0.626
0.532	-0.384	17.778	3.661	2.056	783.880	-0.626
0.533	-0.371	17.766	3.636	2.056	782.662	-0.628
0.535	-0.377	17.760	3.620	2.047	780.225	-0.631
0.536	-0.371	17.735	3.604	2.056	785.099	-0.632
0.538	-0.359	17.741	3.595	2.056	791.191	-0.632
0.539	-0.371	17.717	3.587	2.056	798.502	-0.632
0.541	-0.377	17.699	3.571	2.056	804.594	-0.632
0.542	-0.359	17.674	3.555	2.056	802.157	-0.632
0.544	-0.359	17.699	3.530	2.039	802.157	-0.633
0.546	-0.359	17.717	3.530	2.047	800.939	-0.632
0.547	-0.359	17.711	3.505	2.056	800.939	-0.631
0.549	32.670	17.717	3.555	2.056	999.552	-0.632
0.550	43.647	17.711	3.538	2.047	744.889	-0.630
0.552	44.183	17.686	3.555	2.047	782.662	-0.636
0.553	44.225	17.674	3.579	2.047	794.846	-0.632
0.555	44.250	17.656	3.612	2.039	799.720	-0.631
0.556	44.262	17.644	3.636	2.047	791.191	-0.637
0.558	44.274	17.626	3.653	2.047	792.409	-0.634
0.560	44.262	17.662	3.677	2.056	791.191	-0.633
0.561	44.268	17.711	3.686	2.047	789.973	-0.634
0.563	44.268	17.735	3.710	2.047	786.317	-0.634
0.564	44.268	17.741	3.735	2.056	785.099	-0.634
0.566	44.262	17.753	3.751	2.047	786.317	-0.633
0.567	44.274	17.766	3.759	2.047	782.662	-0.636
0.569	44.262	17.760	3.784	2.056	785.099	-0.634
0.570	44.268	17.753	3.800	2.047	787.536	-0.633
0.572	44.262	17.753	3.817	2.047	783.880	-0.631
0.573	44.262	17.747	3.833	2.047	789.973	-0.632
0.575	44.256	17.741	3.849	2.056	796.065	-0.631
0.577	44.268	17.723	3.858	2.056	802.157	-0.633
0.578	44.250	17.711	3.882	2.056	807.031	-0.631
0.580	44.250	17.680	3.899	2.064	804.594	-0.631
0.581	44.250	17.674	3.915	2.056	800.939	-0.632
0.583	44.250	17.650	3.923	2.056	803.376	-0.632
0.584	44.250	17.626	3.940	2.039	802.157	-0.631
0.586	44.244	17.607	3.956	2.047	799.720	-0.631
0.587	44.238	17.650	3.972	2.056	797.283	-0.631
0.589	44.244	17.674	3.980	2.047	796.065	-0.627
0.591	44.244	17.680	4.005	2.056	796.065	-0.628
0.592	44.231	17.674	4.021	2.056	793.628	-0.627
0.594	44.238	17.674	4.038	2.047	792.409	-0.631
0.595	44.225	17.668	4.046	2.056	792.409	-0.631
0.597	44.213	17.662	4.062	2.047	789.973	-0.630
0.598	38.326	17.620	4.071	2.064	893.544	-0.584
0.600	1.279	17.650	4.030	2.047	776.569	-0.630
0.601	-0.286	17.620	4.013	2.056	754.636	-0.636
0.603	-0.353	17.607	4.005	2.047	786.317	-0.621
0.604	-0.377	17.589	3.980	2.039	789.973	-0.626
0.606	-0.377	17.577	3.948	2.039	776.569	-0.628
0.608	-0.390	17.565	3.931	2.047	781.443	-0.630
0.609	-0.390	17.613	3.915	2.047	787.536	-0.631
0.611	-0.377	17.632	3.882	2.047	793.628	-0.632
0.612	-0.384	17.638	3.882	2.047	799.720	-0.633
0.614	-0.396	17.620	3.849	2.047	803.376	-0.632
0.615	-0.390	17.638	3.841	2.056	802.157	-0.631
0.617	-0.384	17.638	3.817	2.047	803.376	-0.634
0.618	-0.384	17.626	3.800	2.047	800.939	-0.633
0.620	-0.384	17.601	3.784	2.047	800.939	-0.632
0.622	-0.390	17.607	3.759	2.056	799.720	-0.634
0.623	-0.371	17.589	3.759	2.047	797.283	-0.633
0.625	-0.384	17.583	3.735	2.047	796.065	-0.637
0.626	-0.377	17.559	3.718	2.064	794.846	-0.636
0.628	-0.384	17.553	3.694	2.056	792.409	-0.636
0.629	-0.384	17.534	3.694	2.039	793.628	-0.634
0.631	-0.377	17.595	3.677	2.047	791.191	-0.633
0.632	-0.371	17.601	3.653	2.047	788.754	-0.636
0.634	-0.365	17.620	3.636	2.056	788.754	-0.634
0.635	-0.371	17.620	3.620	2.047	786.317	-0.636
0.637	-0.359	17.632	3.612	2.047	786.317	-0.636
0.639	-0.359	17.607	3.595	2.047	787.536	-0.633
0.640	-0.365	17.613	3.579	2.056	783.880	-0.633
0.642	-0.365	17.595	3.563	2.047	782.662	-0.634
0.643	-0.365	17.601	3.555	2.047	785.099	-0.632
0.645	-0.365	17.583	3.538	2.056	786.317	-0.632
0.646	-0.353	17.583	3.522	2.047	792.409	-0.631
0.648	6.295	17.583	3.505	2.039	743.670	-0.698
0.649	42.417	17.546	3.546	2.056	789.973	-0.627
0.651	44.128	17.534	3.563	2.047	807.031	-0.620
0.653	44.219	17.534	3.579	2.056	802.157	-0.634
0.654	44.244	17.510	3.587	2.056	796.065	-0.632
0.656	44.256	17.546	3.612	2.047	803.376	-0.630
0.657	44.268	17.540	3.653	2.064	802.157	-0.632
0.659	44.262	17.553	3.661	2.056	798.502	-0.631
0.660	44.268	17.540	3.694	2.056	797.283	-0.631
0.662	44.268	17.546	3.702	2.047	797.283	-0.628
0.663	44.268	17.528	3.727	2.047	796.065	-0.630
0.665	44.262	17.522	3.735	2.056	792.409	-0.631
0.666	44.268	17.522	3.768	2.047	792.409	-0.628
0.668	44.268	17.504	3.784	2.056	792.409	-0.632
0.670	44.262	17.486	3.792	2.056	791.191	-0.631
0.671	44.268	17.473	3.800	2.064	787.536	-0.630
0.673	44.274	17.486	3.825	2.047	788.754	-0.631
0.674	44.262	17.516	3.841	2.056	786.317	-0.628
0.676	44.262	17.510	3.849	2.064	785.099	-0.632
0.677	44.262	17.522	3.882	2.047	783.880	-0.632
0.679	44.256	17.510	3.890	2.056	781.443	-0.636
0.680	44.250	17.516	3.915	2.047	781.443	-0.637
0.682	44.250	17.504	3.923	2.047	787.536	-0.636
0.684	44.244	17.510	3.940	2.047	796.065	-0.637
0.685	44.238	17.504	3.948	2.056	802.157	-0.638
0.687	44.250	17.492	3.964	2.039	803.376	-0.636
0.688	44.244	17.473	3.980	2.047	803.376	-0.638
0.690	44.244	17.461	3.997	2.056	800.939	-0.638
0.691	44.244	17.467	4.013	2.047	800.939	-0.638
0.693	44.231	17.492	4.013	2.056	799.720	-0.638
0.694	44.225	17.504	4.046	2.039	797.283	-0.638
0.696	44.225	17.498	4.062	2.056	796.065	-0.637
0.697	44.231	17.492	4.079	2.056	794.846	-0.639
0.699	5.297	17.486	4.079	2.064	914.258	-0.630
0.701	-0.122	17.492	4.046	2.056	743.670	-0.625
0.702	-0.347	17.479	4.005	2.056	788.754	-0.642
0.704	-0.371	17.473	3.980	2.056	782.662	-0.634
0.705	-0.384	17.455	3.972	2.047	793.628	-0.632
0.707	-0.384	17.461	3.948	2.064	789.973	-0.632
0.708	-0.396	17.443	3.923	2.064	783.880	-0.633
0.710	-0.384	17.443	3.907	2.056	785.099	-0.633
0.711	-0.384	17.413	3.890	2.072	785.099	-0.632
0.713	-0.390	17.406	3.866	2.056	781.443	-0.634
0.715	-0.390	17.394	3.849	2.056	785.099	-0.634
0.716	-0.390	17.394	3.825	2.064	782.662	-0.631
0.718	-0.390	17.358	3.817	2.064	788.754	-0.632
0.719	-0.384	17.364	3.800	2.056	794.846	-0.630
0.721	-0.390	17.339	3.768	2.056	799.720	-0.630
0.722	-0.377	17.339	3.751	2.064	805.813	-0.631
0.724	-0.384	17.309	3.735	2.056	804.594	-0.630
0.725	-0.390	17.321	3.735	2.056	804.594	-0.632
0.727	-0.365	17.297	3.718	2.047	802.157	-0.630
0.728	-0.377	17.364	3.702	2.056	799.720	-0.631
0.730	-0.371	17.370	3.669	2.056	799.720	-0.631
0.732	-0.371	17.394	3.653	2.047	798.502	-0.630
0.733	-0.377	17.394	3.645	2.064	797.283	-0.628
0.735	-0.359	17.400	3.636	2.064	794.846	-0.627
0.736	-0.371	17.394	3.620	2.047	794.846	-0.628
0.738	-0.371	17.406	3.612	2.064	793.628	-0.630
0.739	-0.371	17.406	3.587	2.056	791.191	-0.628
0.741	-0.371	17.394	3.571	2.056	789.973	-0.628
0.742	-0.371	17.400	3.555	2.047	789.973	-0.628
0.744	-0.359	17.400	3.538	2.064	789.973	-0.628
0.746	-0.359	17.394	3.530	2.056	786.317	-0.631
0.747	-0.365	17.394	3.514	2.056	785.099	-0.633
0.749	38.387	17.394	3.522	2.056	817.998	-0.658
0.750	43.957	17.382	3.546	2.056	711.990	-0.641
0.752	44.195	17.370	3.571	2.064	786.317	-0.626
0.753	44.225	17.364	3.595	2.072	789.973	-0.633
0.755	44.262	17.358	3.612	2.064	791.191	-0.638
0.756	44.268	17.358	3.645	2.064	794.846	-0.634
0.758	44.268	17.339	3.653	2.064	805.813	-0.633
0.759	44.268	17.339	3.686	2.064	804.594	-0.636
0.761	44.262	17.327	3.702	2.064	802.157	-0.637
0.763	44.262	17.315	3.718	2.047	800.939	-0.637
0.764	44.280	17.303	3.743	2.072	800.939	-0.636
0.766	44.268	17.303	3.751	2.064	799.720	-0.637
0.767	44.268	17.303	3.776	2.064	799.720	-0.636
0.769	44.268	17.285	3.800	2.056	802.157	-0.632
0.770	44.262	17.272	3.808	2.064	794.846	-0.638
0.772	44.262	17.266	3.825	2.064	793.628	-0.639
0.773	44.256	17.260	3.841	2.064	792.409	-0.639
0.775	44.262	17.260	3.849	2.064	792.409	-0.638
0.777	44.256	17.260	3.866	2.056	791.191	-0.637
0.778	44.250	17.242	3.882	2.064	789.973	-0.637
0.780	44.256	17.236	3.915	2.056	788.754	-0.638
0.781	44.250	17.236	3.923	2.064	787.536	-0.637
0.783	44.250	17.230	3.940	2.056	786.317	-0.638
0.784	44.244	17.224	3.948	2.064	783.880	-0.637
0.786	44.250	17.224	3.972	2.064	783.880	-0.638
0.787	44.244	17.206	3.989	2.080	789.973	-0.638
0.789	44.244	17.212	3.997	2.056	785.099	-0.634
0.790	44.238	17.206	4.013	2.072	791.191	-0.633
0.792	44.238	17.212	4.021	2.064	796.065	-0.633
0.794	44.231	17.297	4.046	2.072	802.157	-0.633
0.795	44.219	17.394	4.071	2.072	805.813	-0.634
0.797	44.219	17.473	4.071	2.064	804.594	-0.636
0.798	17.766	17.528	4.030	2.072	885.014	-0.589
0.800	0.457	17.607	4.046	2.056	760.729	-0.634
0.801	-0.323	17.656	4.030	2.064	802.157	-0.621
0.803	-0.353	17.699	3.997	2.064	807.031	-0.630
0.804	-0.371	17.741	3.980	2.072	793.628	-0.634
0.806	-0.390	17.772	3.948	2.064	793.628	-0.627
0.808	-0.390	17.796	3.940	2.072	798.502	-0.627
0.809	-0.390	17.820	3.931	2.064	793.628	-0.630
0.811	-0.377	17.827	3.907	2.072	792.409	-0.631
0.812	-0.390	17.851	3.882	2.064	792.409	-0.630
0.814	-0.390	17.851	3.866	2.072	791.191	-0.631
0.815	-0.390	17.863	3.841	2.064	789.973	-0.631
0.817	-0.384	17.869	3.817	2.056	786.317	-0.632
0.818	-0.377	17.893	3.800	2.064	788.754	-0.632
0.820	-0.384	17.900	3.800	2.064	786.317	-0.632
0.821	-0.377	17.918	3.768	2.072	783.880	-0.630
0.823	-0.390	17.924	3.751	2.056	779.006	-0.631
0.825	-0.384	17.924	3.735	2.056	781.443	-0.637
0.826	-0.377	17.924	3.727	2.056	787.536	-0.636
0.828	-0.377	17.912	3.702	2.056	794.846	-0.636
0.829	-0.390	17.906	3.710	2.064	799.720	-0.637
0.831	-0.371	17.887	3.677	2.064	804.594	-0.638
0.832	-0.359	17.875	3.661	2.064	804.594	-0.637
0.834	-0.384	17.863	3.636	2.047	803.376	-0.638
0.835	-0.365	17.845	3.636	2.064	799.720	-0.638
0.837	-0.365	17.820	3.604	2.056	799.720	-0.638
0.839	-0.371	17.857	3.604	2.064	799.720	-0.639
0.840	-0.359	17.869	3.579	2.056	796.065	-0.639
0.842	-0.371	17.869	3.563	2.047	796.065	-0.642
0.843	-0.359	17.863	3.546	2.056	794.846	-0.641
0.845	-0.359	17.863	3.538	2.072	794.846	-0.639
0.846	-0.365	17.851	3.530	2.072	793.628	-0.639
0.848	26.143	17.845	3.563	2.056	992.241	-0.605
0.849	43.312	17.814	3.546	2.072	737.578	-0.631
0.851	44.158	17.814	3.563	2.056	779.006	-0.645
0.852	44.213	17.790	3.571	2.056	780.225	-0.637
0.854	44.256	17.772	3.620	2.047	788.754	-0.634
0.856	44.268	17.741	3.636	2.056	787.536	-0.638
0.857	44.274	17.723	3.653	2.056	780.225	-0.638
0.859	44.268	17.705	3.669	2.047	781.443	-0.637
0.860	44.268	17.656	3.702	2.056	785.099	-0.636
0.862	44.268	17.650	3.718	2.064	786.317	-0.636
0.863	44.262	17.613	3.735	2.064	791.191	-0.634
0.865	44.268	17.650	3.743	2.064	799.720	-0.634
0.866	44.274	17.674	3.784	2.064	804.594	-0.633
0.868	44.256	17.668	3.800	2.056	804.594	-0.633
0.870	44.262	17.674	3.817	2.056	805.813	-0.632
0.871	44.256	17.656	3.825	2.056	802.157	-0.633
0.873	44.262	17.650	3.833	2.064	802.157	-0.634
0.874	44.262	17.650	3.849	2.064	800.939	-0.636
0.876	44.262	17.638	3.874	2.072	799.720	-0.633
0.877	44.256	17.626	3.890	2.064	796.065	-0.636
0.879	44.256	17.613	3.915	2.047	797.283	-0.631
0.880	44.256	17.595	3.931	2.072	796.065	-0.633
0.882	44.244	17.577	3.931	2.064	793.628	-0.633
0.883	44.250	17.565	3.948	2.056	791.191	-0.633
0.885	44.250	17.534	3.956	2.056	792.409	-0.634
0.887	44.244	17.522	3.980	2.064	791.191	-0.634
0.888	44.244	17.498	3.997	2.064	788.754	-0.634
0.890	44.238	17.486	4.005	2.072	787.536	-0.634
0.891	44.231	17.461	4.030	2.064	786.317	-0.634
0.893	44.225	17.455	4.038	2.064	785.099	-0.637
0.894	44.244	17.437	4.054	2.056	785.099	-0.636
0.896	44.219	17.419	4.079	2.064	781.443	-0.636
0.897	44.183	17.400	4.095	2.047	785.099	-0.636
0.899	2.210	17.382	4.046	2.047	805.813	-0.664
0.901	-0.250	17.370	4.046	2.047	760.729	-0.645
0.902	-0.365	17.358	4.021	2.064	791.191	-0.637
0.904	-0.365	17.333	3.997	2.056	810.687	-0.630
0.905	-0.371	17.315	3.980	2.072	807.031	-0.638
0.907	-0.390	17.309	3.948	2.080	799.720	-0.637
0.908	-0.384	17.285	3.923	2.056	799.720	-0.637
0.910	-0.390	17.291	3.923	2.056	802.157	-0.636
0.911	-0.377	17.254	3.890	2.072	799.720	-0.638
0.913	-0.384	17.254	3.874	2.056	794.846	-0.637
0.914	-0.390	17.230	3.849	2.056	794.846	-0.641
0.916	-0.384	17.230	3.825	2.056	794.846	-0.638
0.918	-0.384	17.212	3.825	2.056	793.628	-0.637
0.919	-0.390	17.212	3.800	2.064	792.409	-0.637
0.921	-0.384	17.193	3.776	2.047	792.409	-0.637
0.922	-0.384	17.193	3.759	2.064	791.191	-0.637
0.924	-0.384	17.187	3.751	2.072	788.754	-0.638
0.925	-0.371	17.187	3.743	2.072	787.536	-0.639
0.927	-0.371	17.181	3.718	2.064	787.536	-0.637
0.928	-0.371	17.181	3.702	2.064	785.099	-0.638
0.930	-0.371	17.175	3.677	2.064	785.099	-0.637
0.932	-0.377	17.175	3.677	2.064	781.443	-0.634
0.933	-0.377	17.157	3.653	2.072	785.099	-0.633
0.935	-0.359	17.175	3.636	2.056	787.536	-0.633
0.936	-0.371	17.157	3.620	2.056	793.628	-0.633
0.938	-0.371	17.169	3.612	2.072	800.939	-0.634
0.939	-0.377	17.157	3.587	2.072	804.594	-0.634
0.941	-0.371	17.169	3.571	2.064	804.594	-0.633
0.942	-0.359	17.163	3.546	2.064	803.376	-0.633
0.944	-0.371	17.175	3.538	2.072	803.376	-0.633
0.945	-0.359	17.163	3.522	2.080	802.157	-0.632
0.947	-0.554	17.169	3.522	2.064	796.065	-0.639
0.949	41.461	17.169	3.546	2.080	811.905	-0.612
0.950	44.085	17.175	3.571	2.072	772.914	-0.622
0.952	44.207	17.175	3.595	2.072	804.594	-0.631
0.953	44.238	17.181	3.604	2.072	791.191	-0.636
0.955	44.256	17.175	3.636	2.064	792.409	-0.630
0.956	44.262	17.181	3.653	2.080	794.846	-0.631
0.958	44.280	17.181	3.686	2.064	792.409	-0.631
0.959	44.268	17.193	3.686	2.064	788.754	-0.633
0.961	44.262	17.181	3.718	2.080	788.754	-0.631
0.963	44.274	17.193	3.735	2.072	787.536	-0.633
0.964	44.268	17.187	3.751	2.080	786.317	-0.636
0.966	44.262	17.206	3.768	2.064	785.099	-0.633
0.967	44.262	17.199	3.792	2.080	782.662	-0.633
0.969	44.262	17.206	3.800	2.072	779.006	-0.641
0.970	44.268	17.206	3.817	2.072	783.880	-0.638
0.972	44.262	17.212	3.841	2.072	792.409	-0.638
0.973	44.262	17.199	3.858	2.072	796.065	-0.641
0.975	44.262	17.224	3.866	2.072	802.157	-0.639
0.976	44.256	17.206	3.882	2.072	805.813	-0.639
0.978	44.256	17.236	3.899	2.072	804.594	-0.641
0.980	44.250	17.218	3.915	2.072	802.157	-0.642
0.981	44.250	17.236	3.940	2.072	800.939	-0.642
0.983	44.250	17.230	3.948	2.080	798.502	-0.642
0.984	44.244	17.242	3.956	2.072	797.283	-0.642
0.986	44.244	17.224	3.980	2.064	798.502	-0.642
0.987	44.244	17.242	3.980	2.072	794.846	-0.643
0.989	44.238	17.242	4.013	2.072	796.065	-0.643
0.990	44.238	17.254	4.021	2.072	792.409	-0.642
0.992	44.231	17.242	4.038	2.072	791.191	-0.642
0.994	44.225	17.260	4.054	2.064	791.191	-0.643
0.995	44.231	17.248	4.062	2.080	789.973	-0.643
0.997	44.231	17.254	4.079	2.072	788.754	-0.639
0.998	8.213	17.236	4.062	2.097	878.922	-0.579
1.000	0.006	17.260	4.062	2.072	716.864	-0.633
1.001	-0.335	17.254	4.030	2.080	794.846	-0.633
1.003	-0.365	17.266	3.997	2.080	777.788	-0.641
1.004	-0.377	17.260	3.980	2.072	781.443	-0.634
1.006	-0.384	17.266	3.956	2.080	785.099	-0.630
1.007	-0.384	17.260	3.931	2.064	788.754	-0.634
1.009	-0.384	17.266	3.931	2.080	792.409	-0.632
1.011	-0.384	17.260	3.907	2.080	802.157	-0.631
1.012	-0.396	17.266	3.890	2.088	805.813	-0.632
1.014	-0.396	17.260	3.866	2.080	804.594	-0.633
1.015	-0.384	17.272	3.841	2.080	804.594	-0.632
1.017	-0.384	17.260	3.817	2.072	803.376	-0.634
1.018	-0.384	17.279	3.808	2.080	803.376	-0.631
1.020	-0.384	17.266	3.792	2.064	798.502	-0.631
1.021	-0.384	17.279	3.784	2.072	798.502	-0.633
1.023	-0.377	17.266	3.751	2.088	797.283	-0.631
1.025	-0.384	17.279	3.743	2.080	796.065	-0.631
1.026	-0.377	17.260	3.718	2.080	796.065	-0.630
1.028	-0.384	17.279	3.710	2.097	794.846	-0.632
1.029	-0.377	17.266	3.686	2.080	792.409	-0.633
1.031	-0.384	17.285	3.677	2.080	792.409	-0.631
1.032	-0.371	17.272	3.661	2.072	789.973	-0.632
1.034	-0.377	17.285	3.653	2.080	788.754	-0.632
1.035	-0.365	17.272	3.628	2.088	786.317	-0.632
1.037	-0.377	17.279	3.620	2.080	785.099	-0.632
1.038	-0.371	17.266	3.604	2.080	785.099	-0.633
1.040	-0.365	17.285	3.579	2.080	783.880	-0.632
1.042	-0.365	17.266	3.563	2.072	780.225	-0.638
1.043	-0.365	17.285	3.538	2.080	785.099	-0.636
1.045	-0.371	17.272	3.555	2.088	789.973	-0.639
1.046	-0.365	17.285	3.530	2.088	796.065	-0.637
1.048	35.531	17.279	3.546	2.080	905.728	-0.695
1.049	43.805	17.285	3.546	2.097	749.763	-0.642
1.051	44.183	17.272	3.571	2.072	791.191	-0.639
1.052	44.231	17.291	3.595	2.088	807.031	-0.633
1.054	44.256	17.272	3.620	2.072	804.594	-0.639
1.056	44.262	17.279	3.653	2.080	796.065	-0.642
1.057	44.256	17.266	3.669	2.080	797.283	-0.638
1.059	44.262	17.285	3.677	2.088	797.283	-0.641
1.060	44.262	17.260	3.710	2.088	793.628	-0.643
1.062	44.274	17.285	3.727	2.088	793.628	-0.639
1.063	44.268	17.272	3.743	2.080	794.846	-0.641
1.065	44.268	17.279	3.759	2.088	792.409	-0.642
1.066	44.262	17.272	3.776	2.080	789.973	-0.641
1.068	44.268	17.291	3.817	2.088	789.973	-0.639
1.069	44.268	17.279	3.817	2.080	787.536	-0.641
1.071	44.268	17.279	3.841	2.080	786.317	-0.638
1.073	44.262	17.279	3.849	2.088	783.880	-0.638
1.074	44.256	17.291	3.858	2.080	782.662	-0.638
1.076	44.262	17.285	3.882	2.072	783.880	-0.639
1.077	44.244	17.297	3.907	2.080	782.662	-0.639
1.079	44.256	17.272	3.915	2.088	782.662	-0.636
1.080	44.250	17.285	3.923	2.097	787.536	-0.636
1.082	44.250	17.285	3.956	2.088	794.846	-0.637
1.083	44.250	17.285	3.956	2.097	800.939	-0.637
1.085	44.244	17.279	3.972	2.097	805.813	-0.634
1.087	44.244	17.285	3.989	2.088	804.594	-0.637
1.088	44.238	17.285	3.997	2.080	804.594	-0.637
1.090	44.238	17.291	4.021	2.088	803.376	-0.637
1.091	44.238	17.272	4.038	2.080	800.939	-0.637
1.093	44.238	17.291	4.054	2.088	799.720	-0.637
1.094	44.231	17.272	4.071	2.097	797.283	-0.636
1.096	44.213	17.291	4.071	2.080	799.720	-0.636
1.097	28.658	17.297	4.038	2.080	811.905	-0.714
1.099	0.865	17.291	4.046	2.080	774.132	-0.625
1.100	-0.317	17.279	4.030	2.088	771.695	-0.632
1.102	-0.359	17.297	4.021	2.080	798.502	-0.625
1.104	-0.377	17.285	3.989	2.080	793.628	-0.631
1.105	-0.390	17.297	3.972	2.072	787.536	-0.633
1.107	-0.396	17.285	3.948	2.097	788.754	-0.631
1.108	-0.390	17.291	3.940	2.072	788.754	-0.632
1.110	-0.384	17.291	3.907	2.080	785.099	-0.632
1.111	-0.384	17.297	3.899	2.080	783.880	-0.632
1.113	-0.390	17.279	3.874	2.080	785.099	-0.631
1.114	-0.390	17.291	3.849	2.097	779.006	-0.637
1.116	-0.384	17.291	3.833	2.088	785.099	-0.637
